0 0.5 0.5 1.0 1.0
1 0.69005 0.16495 0.02683 0.02099
2 0.48308 0.16042 0.69364 0.04751
1 0.7782 0.14658 0.02603 0.02237
1 0.69146 0.14718 0.02423 0.01915
1 0.767 0.11396 0.14272 0.05042
3 0.41292 0.12708 0.54367 0.065
4 0.11535 0.13576 0.06161 0.09865
0 0.5 0.5 1.0 1.0
2 0.46409 0.22642 0.71865 0.04047
3 0.46523 0.19354 0.73114 0.05542
4 0.52691 0.21292 0.07801 0.06583
1 0.48035 0.21875 0.05866 0.03667
0 0.5 0.5 1.0 1.0
1 0.45222 0.28771 0.02903 0.03292
2 0.4616 0.27045 0.72794 0.06889
4 0.47328 0.28659 0.02086 0.02141
3 0.4584 0.25447 0.74074 0.05236
4 0.62159 0.27017 0.06239 0.07165
1 0.57892 0.27125 0.05382 0.07167
0 0.5 0.5 1.0 1.0
3 0.45546 0.31439 0.74559 0.04841
2 0.45009 0.3554 0.73095 0.03362
0 0.5 0.5 1.0 1.0
1 0.80714 0.42435 0.03869 0.0308
1 0.50922 0.41428 0.03095 0.02725
3 0.46425 0.38496 0.72447 0.05035
2 0.46495 0.41795 0.72651 0.03185
0 0.5 0.5 1.0 1.0
3 0.58936 0.44474 0.48322 0.05251
2 0.57618 0.48124 0.48014 0.03081
4 0.22484 0.55458 0.32898 0.3875
0 0.5 0.5 1.0 1.0
2 0.59555 0.54417 0.47291 0.02833
3 0.59374 0.51458 0.47896 0.05083
0 0.5 0.5 1.0 1.0
2 0.58645 0.60371 0.46179 0.02984
4 0.71961 0.60275 0.01918 0.02967
3 0.58914 0.57831 0.4736 0.04366
0 0.5 0.5 1.0 1.0
3 0.58806 0.64022 0.46429 0.05796
2 0.59307 0.66611 0.44067 0.02244
4 0.71977 0.66557 0.02801 0.02334
0 0.5 0.5 1.0 1.0
4 0.47144 0.72958 0.03634 0.02346
2 0.49637 0.73 0.687 0.03333
3 0.4873 0.69833 0.67369 0.05167
0 0.5 0.5 1.0 1.0
4 0.44006 0.77527 0.07496 0.08464
1 0.38899 0.79707 0.03644 0.0373
2 0.47572 0.77447 0.68399 0.08226
3 0.48241 0.76486 0.68175 0.05996