0 0.5 0.5 1.0 1.0
3 0.61283 0.08834 0.59247 0.0664
2 0.56512 0.12163 0.70821 0.03327
5 0.26034 0.10212 0.16515 0.1813
0 0.5 0.5 1.0 1.0
3 0.56601 0.15518 0.70116 0.05503
2 0.56683 0.1897 0.70515 0.02984
1 0.77378 0.18723 0.04329 0.03553
4 0.80722 0.18097 0.05147 0.04116
0 0.5 0.5 1.0 1.0
3 0.56358 0.2189 0.69268 0.05321
2 0.55427 0.24962 0.68626 0.03526
4 0.25182 0.24854 0.06664 0.04317
1 0.47609 0.25409 0.04271 0.03126
4 0.51705 0.23631 0.07446 0.06331
0 0.5 0.5 1.0 1.0
3 0.56303 0.28596 0.69326 0.04604
2 0.55818 0.31798 0.67598 0.0295
0 0.5 0.5 1.0 1.0
3 0.57443 0.35117 0.71349 0.04892
2 0.56009 0.38246 0.67785 0.0295
0 0.5 0.5 1.0 1.0
3 0.56315 0.41694 0.68658 0.05197
2 0.56126 0.44748 0.67089 0.02518
1 0.27997 0.44892 0.05469 0.0223
4 0.32411 0.43201 0.08219 0.05755
0 0.5 0.5 1.0 1.0
3 0.56791 0.48019 0.69478 0.05015
2 0.56295 0.51174 0.67253 0.0259
0 0.5 0.5 1.0 1.0
3 0.56554 0.54585 0.6766 0.04767
2 0.5843 0.57903 0.71628 0.02734
0 0.5 0.5 1.0 1.0
3 0.56415 0.60908 0.68518 0.05077
2 0.58444 0.64216 0.71966 0.0269
1 0.36689 0.64309 0.05675 0.03022
4 0.45746 0.62849 0.06863 0.08676
0 0.5 0.5 1.0 1.0
3 0.56742 0.67703 0.68196 0.0482
4 0.57857 0.70833 0.70254 0.03164
0 0.5 0.5 1.0 1.0
3 0.57128 0.74644 0.68685 0.05372
2 0.57727 0.77846 0.70702 0.02902
1 0.78839 0.7774 0.05747 0.02835
4 0.84608 0.75567 0.04504 0.07122