0 0.5 0.5 1.0 1.0
2 0.51154 0.1615 0.70809 0.02411
4 0.74142 0.15883 0.02862 0.02007
3 0.53846 0.12369 0.76896 0.05954
0 0.5 0.5 1.0 1.0
2 0.50163 0.20181 0.69097 0.0669
1 0.5746 0.22153 0.03174 0.02612
4 0.60991 0.20311 0.05833 0.06564
3 0.53119 0.1908 0.76016 0.05274
0 0.5 0.5 1.0 1.0
2 0.51223 0.26975 0.71449 0.05559
4 0.45418 0.28362 0.02737 0.02102
1 0.51599 0.27939 0.02236 0.01876
4 0.55183 0.26834 0.0593 0.05157
2 0.51066 0.27135 0.71327 0.06028
2 0.53408 0.25274 0.76947 0.05093
0 0.5 0.5 1.0 1.0
2 0.50647 0.34575 0.70459 0.0243
3 0.51947 0.31646 0.76221 0.04555
0 0.5 0.5 1.0 1.0
4 0.31252 0.40375 0.0243 0.02258
1 0.62451 0.408 0.03004 0.0248
4 0.66238 0.39319 0.03986 0.04503
4 0.80908 0.4054 0.02449 0.02344
2 0.5136 0.39526 0.72433 0.04689
3 0.5264 0.37827 0.77091 0.04886
0 0.5 0.5 1.0 1.0
4 0.17515 0.45737 0.07912 0.05023
2 0.50356 0.45812 0.73664 0.05141
3 0.52226 0.43756 0.76146 0.05802
0 0.5 0.5 1.0 1.0
2 0.51307 0.53225 0.72921 0.02365
3 0.5253 0.49964 0.76284 0.05538
0 0.5 0.5 1.0 1.0
1 0.45905 0.5974 0.03402 0.02746
4 0.4887 0.57852 0.03694 0.05718
4 0.6373 0.59261 0.02167 0.01979
1 0.78715 0.58105 0.1711 0.04827
2 0.51152 0.57839 0.7243 0.0576
3 0.42636 0.56173 0.57186 0.05074
0 0.5 0.5 1.0 1.0
4 0.16713 0.6344 0.09373 0.07017
2 0.49648 0.63517 0.74466 0.0698
3 0.56028 0.62637 0.6873 0.0539
0 0.5 0.5 1.0 1.0
1 0.37932 0.71342 0.0243 0.02703
4 0.41323 0.69821 0.05564 0.05626
2 0.50988 0.69788 0.71394 0.05425
3 0.52755 0.68465 0.76803 0.05409
0 0.5 0.5 1.0 1.0
1 0.45905 0.777 0.02624 0.02479
4 0.48626 0.75624 0.04569 0.06363
2 0.50735 0.75829 0.71901 0.06489
3 0.52527 0.74534 0.76482 0.05492