0 0.5 0.5 1.0 1.0
3 0.52256 0.74618 0.83166 0.06925
2 0.52192 0.778 0.7833 0.03481
4 0.68038 0.77416 0.02515 0.03098
0 0.5 0.5 1.0 1.0
3 0.52856 0.81336 0.84731 0.06099
1 0.68593 0.84215 0.03615 0.02964
4 0.72072 0.82239 0.11119 0.07366
2 0.52764 0.82311 0.67958 0.0751
0 0.5 0.5 1.0 1.0
3 0.53624 0.87936 0.8404 0.05427
2 0.52538 0.915 0.78715 0.03961
5 0.94971 0.54381 0.02622 0.01986
0 0.5 0.5 1.0 1.0
1 0.55082 0.09239 0.03675 0.03154
4 0.59922 0.06734 0.11498 0.08313
3 0.5084 0.06153 0.83337 0.07416
2 0.50945 0.06807 0.77304 0.08641
0 0.5 0.5 1.0 1.0
3 0.52477 0.13415 0.84088 0.07189
4 0.87553 0.15243 0.03369 0.0256
2 0.51977 0.16178 0.78714 0.04132
0 0.5 0.5 1.0 1.0
2 0.51202 0.22101 0.78505 0.073
3 0.48864 0.19974 0.62705 0.05794
4 0.1543 0.21727 0.07637 0.08016
1 0.83676 0.2243 0.14051 0.03745
4 0.68413 0.22478 0.03891 0.02601
0 0.5 0.5 1.0 1.0
4 0.14777 0.29478 0.11939 0.07973
3 0.55881 0.26121 0.73976 0.06648
1 0.49821 0.30219 0.04679 0.02897
1 0.62444 0.29534 0.03311 0.02201
4 0.67153 0.27535 0.09813 0.07816
2 0.48393 0.28557 0.80447 0.09949
4 0.52535 0.29728 0.02573 0.02429
0 0.5 0.5 1.0 1.0
3 0.51868 0.33831 0.7958 0.05814
1 0.29506 0.37631 0.04602 0.02901
1 0.42806 0.36935 0.03314 0.02391
4 0.45254 0.34727 0.08165 0.0796
1 0.87881 0.36524 0.04774 0.02902
2 0.51275 0.34836 0.78455 0.08247
4 0.32601 0.37018 0.02595 0.02807
0 0.5 0.5 1.0 1.0
3 0.49816 0.40596 0.76546 0.05633
1 0.24629 0.4439 0.03569 0.02784
4 0.28524 0.42208 0.11013 0.07018
1 0.87692 0.43249 0.04895 0.0231
2 0.50746 0.42607 0.78989 0.08101
4 0.12437 0.44509 0.02616 0.03946
0 0.5 0.5 1.0 1.0
4 0.16917 0.4943 0.13552 0.08347
2 0.49287 0.49323 0.79002 0.08321
3 0.56547 0.4738 0.72002 0.05747
0 0.5 0.5 1.0 1.0
3 0.52345 0.53772 0.82613 0.0702
1 0.6617 0.57352 0.04051 0.02573
4 0.7064 0.54895 0.09536 0.07299
2 0.53561 0.55262 0.81711 0.08157
4 0.31773 0.577 0.02494 0.02744
0 0.5 0.5 1.0 1.0
3 0.53482 0.60843 0.8501 0.05786
2 0.50335 0.64204 0.76985 0.03868
0 0.5 0.5 1.0 1.0
3 0.53633 0.67612 0.8413 0.06145
1 0.26674 0.71248 0.04536 0.02386
4 0.31355 0.69009 0.0989 0.07645
2 0.52196 0.69 0.7755 0.07714
4 0.21262 0.71416 0.02543 0.02963