0 0.5 0.5 1.0 1.0
3 0.50724 0.05749 0.81322 0.05621
2 0.50841 0.08992 0.76608 0.02795
0 0.5 0.5 1.0 1.0
4 0.6805 0.13142 0.15031 0.07081
3 0.51462 0.122 0.81217 0.0548
1 0.59904 0.15442 0.03954 0.02449
2 0.51956 0.13314 0.79892 0.07333
4 0.26394 0.15629 0.03074 0.0263
0 0.5 0.5 1.0 1.0
3 0.51099 0.19299 0.8069 0.05445
2 0.5131 0.22625 0.78369 0.03429
0 0.5 0.5 1.0 1.0
3 0.51841 0.25977 0.81932 0.05778
1 0.38353 0.29643 0.04038 0.0212
4 0.42643 0.2728 0.08452 0.07065
2 0.51662 0.27532 0.7821 0.07597
4 0.30446 0.29256 0.0248 0.02336
0 0.5 0.5 1.0 1.0
3 0.5208 0.33325 0.81785 0.05872
2 0.51092 0.36488 0.77832 0.03125
4 0.35864 0.36572 0.03208 0.0227
0 0.5 0.5 1.0 1.0
4 0.36136 0.41265 0.09671 0.07992
2 0.52339 0.41258 0.79964 0.07947
3 0.51557 0.40088 0.81679 0.05668
1 0.32015 0.43526 0.03574 0.02968
4 0.89089 0.42639 0.03567 0.03068
0 0.5 0.5 1.0 1.0
1 0.90615 0.49865 0.0431 0.02434
4 0.15391 0.4842 0.10449 0.07835
2 0.5172 0.48319 0.82394 0.08009
3 0.5578 0.46871 0.73858 0.05699
0 0.5 0.5 1.0 1.0
3 0.51927 0.53782 0.83298 0.05928
2 0.52156 0.56998 0.78627 0.03032
5 0.55398 0.57004 0.02548 0.03237
0 0.5 0.5 1.0 1.0
2 0.51815 0.61802 0.7884 0.07992
4 0.67444 0.61552 0.16525 0.07456
3 0.52683 0.60852 0.83715 0.06249
1 0.58992 0.64071 0.04079 0.02481
0 0.5 0.5 1.0 1.0
3 0.49886 0.67625 0.76992 0.05228
2 0.52009 0.70742 0.78841 0.0314
1 0.881 0.70367 0.05343 0.02625
4 0.74 0.70537 0.02436 0.02673
0 0.5 0.5 1.0 1.0
4 0.13092 0.77006 0.12362 0.10763
2 0.49981 0.76967 0.86153 0.10737
3 0.55855 0.74915 0.73459 0.06442
0 0.5 0.5 1.0 1.0
3 0.52966 0.81453 0.81805 0.05605
2 0.52908 0.84506 0.79819 0.02858
4 0.73953 0.84371 0.02446 0.02737
0 0.5 0.5 1.0 1.0
1 0.72769 0.91282 0.03175 0.02436
4 0.78294 0.89141 0.10314 0.081
3 0.53067 0.88418 0.81834 0.05589
2 0.51266 0.89129 0.77348 0.08092
5 0.18867 0.95933 0.05606 0.02512