0 0.5 0.5 1.0 1.0
3 0.55537 0.09372 0.70568 0.04964
2 0.56808 0.12532 0.72242 0.03
1 0.39691 0.12686 0.04825 0.0259
4 0.43068 0.11068 0.05147 0.05971
0 0.5 0.5 1.0 1.0
3 0.55569 0.15476 0.6884 0.04892
2 0.55967 0.19027 0.69761 0.03217
0 0.5 0.5 1.0 1.0
3 0.55509 0.22021 0.68947 0.05054
2 0.553 0.25265 0.68936 0.0334
1 0.45108 0.25465 0.04396 0.02734
4 0.49129 0.24395 0.04932 0.0518
0 0.5 0.5 1.0 1.0
3 0.55972 0.28017 0.68626 0.05159
2 0.5615 0.31719 0.68909 0.03075
0 0.5 0.5 1.0 1.0
3 0.55924 0.35032 0.69382 0.05347
2 0.55713 0.38085 0.68732 0.03109
1 0.54808 0.38329 0.0642 0.0259
4 0.63326 0.36135 0.05254 0.07122
0 0.5 0.5 1.0 1.0
3 0.55902 0.41402 0.68775 0.04434
2 0.55975 0.44655 0.68201 0.0317
0 0.5 0.5 1.0 1.0
3 0.56801 0.48041 0.70019 0.05031
2 0.56631 0.50935 0.68429 0.03338
1 0.77138 0.50705 0.07256 0.0259
4 0.84197 0.4928 0.06005 0.05871
0 0.5 0.5 1.0 1.0
3 0.55905 0.54338 0.68304 0.04604
2 0.56003 0.57755 0.70037 0.03669
0 0.5 0.5 1.0 1.0
3 0.55826 0.61087 0.68947 0.04748
2 0.56203 0.64073 0.69054 0.0338
0 0.5 0.5 1.0 1.0
3 0.56487 0.67794 0.6922 0.05108
2 0.56302 0.70653 0.69161 0.0392
0 0.5 0.5 1.0 1.0
3 0.56662 0.74501 0.70654 0.05477
2 0.57315 0.77258 0.69776 0.03222
1 0.75422 0.77402 0.12546 0.02933