0 0.5 0.5 1.0 1.0
2 0.5631 0.13066 0.64872 0.02662
3 0.57051 0.09793 0.67035 0.04604
0 0.5 0.5 1.0 1.0
2 0.58681 0.19399 0.70279 0.02888
3 0.57785 0.16205 0.69068 0.0453
1 0.32973 0.19364 0.05889 0.02797
4 0.68206 0.18316 0.04692 0.07069
0 0.5 0.5 1.0 1.0
2 0.58044 0.25847 0.68697 0.0295
3 0.58168 0.22732 0.68019 0.04287
0 0.5 0.5 1.0 1.0
2 0.58303 0.32363 0.68838 0.02734
3 0.58053 0.2925 0.68909 0.04066
0 0.5 0.5 1.0 1.0
2 0.58004 0.38668 0.6902 0.03294
3 0.57901 0.35528 0.68485 0.04729
0 0.5 0.5 1.0 1.0
2 0.58428 0.45445 0.67969 0.03543
3 0.5848 0.42031 0.67865 0.04405
1 0.50473 0.45057 0.04761 0.0314
4 0.56003 0.43608 0.07967 0.06347
0 0.5 0.5 1.0 1.0
2 0.57941 0.51668 0.67578 0.02985
3 0.57951 0.48568 0.67186 0.04958
0 0.5 0.5 1.0 1.0
2 0.56931 0.58323 0.69484 0.03094
4 0.26623 0.62595 0.15602 0.19676
4 0.68001 0.58114 0.06175 0.03478
1 0.89772 0.57899 0.03451 0.02427
3 0.62453 0.5523 0.58868 0.03957
1 0.57467 0.5612 0.04503 0.0678
0 0.5 0.5 1.0 1.0
2 0.5947 0.6468 0.69148 0.0331
3 0.58445 0.61582 0.67553 0.0435
0 0.5 0.5 1.0 1.0
2 0.58106 0.71552 0.66803 0.03524
3 0.57904 0.68098 0.66586 0.04533
0 0.5 0.5 1.0 1.0
2 0.5772 0.78081 0.69148 0.03432
3 0.58206 0.74352 0.68843 0.04922
1 0.5908 0.77921 0.04087 0.03555
4 0.62835 0.76585 0.07137 0.05109
5 0.90146 0.77759 0.04166 0.02896