0 0.5 0.5 1.0 1.0
2 0.47041 0.15755 0.71457 0.02506
3 0.48857 0.12465 0.76185 0.05604
0 0.5 0.5 1.0 1.0
2 0.47742 0.22004 0.71414 0.02513
3 0.49619 0.19037 0.76872 0.05158
0 0.5 0.5 1.0 1.0
4 0.27789 0.28096 0.02274 0.02645
2 0.46729 0.28063 0.70154 0.02579
3 0.49534 0.25499 0.77595 0.04798
0 0.5 0.5 1.0 1.0
1 0.18114 0.34223 0.03167 0.02248
2 0.47028 0.32536 0.70484 0.06282
4 0.21087 0.3247 0.04316 0.06149
3 0.48834 0.31346 0.75893 0.04959
0 0.5 0.5 1.0 1.0
1 0.32775 0.41295 0.02398 0.02122
4 0.3624 0.38719 0.07368 0.06745
2 0.477 0.38884 0.71375 0.07075
3 0.48886 0.37698 0.75721 0.0548
0 0.5 0.5 1.0 1.0
4 0.70322 0.46778 0.02591 0.01984
2 0.4549 0.46877 0.66842 0.02314
3 0.50153 0.44082 0.78246 0.05788
0 0.5 0.5 1.0 1.0
1 0.38844 0.5327 0.02784 0.01828
4 0.41674 0.51336 0.04415 0.06622
2 0.47534 0.51241 0.71199 0.06811
3 0.48694 0.50111 0.75598 0.055
0 0.5 0.5 1.0 1.0
4 0.44652 0.59209 0.02299 0.01851
4 0.53047 0.57524 0.06814 0.05354
2 0.46717 0.57593 0.70531 0.06142
3 0.49246 0.56119 0.76412 0.05799
0 0.5 0.5 1.0 1.0
4 0.36787 0.65624 0.02783 0.02182
2 0.4777 0.65548 0.71582 0.02732
3 0.4938 0.62432 0.76809 0.05525
0 0.5 0.5 1.0 1.0
1 0.80682 0.71476 0.03647 0.02116
2 0.47445 0.71711 0.69929 0.02703
3 0.4704 0.68298 0.71868 0.05314
0 0.5 0.5 1.0 1.0
4 0.13282 0.75893 0.04448 0.07596
2 0.4747 0.76165 0.72735 0.07993
3 0.49535 0.74472 0.77434 0.05327
1 0.67331 0.78425 0.02879 0.02329
4 0.70551 0.76601 0.06633 0.05713