0 0.5 0.5 1.0 1.0
2 0.52736 0.17135 0.71381 0.02537
3 0.54321 0.13795 0.76419 0.0575
0 0.5 0.5 1.0 1.0
1 0.32472 0.23101 0.02253 0.01876
4 0.33823 0.21312 0.02466 0.0639
2 0.52214 0.21304 0.7048 0.06288
3 0.54029 0.20237 0.75491 0.0509
0 0.5 0.5 1.0 1.0
1 0.42486 0.29029 0.02106 0.01842
4 0.45362 0.27172 0.04456 0.06225
2 0.5107 0.27305 0.68038 0.06307
3 0.53612 0.26299 0.74465 0.05336
0 0.5 0.5 1.0 1.0
1 0.47995 0.35328 0.02528 0.0221
4 0.51932 0.34097 0.06708 0.05894
3 0.54098 0.32361 0.75349 0.05155
2 0.51884 0.34016 0.6986 0.0576
0 0.5 0.5 1.0 1.0
2 0.52663 0.41902 0.7142 0.02541
3 0.54698 0.39108 0.77693 0.04811
0 0.5 0.5 1.0 1.0
4 0.5077 0.46327 0.02595 0.06159
1 0.48919 0.47766 0.02601 0.01942
2 0.52703 0.46334 0.71032 0.06564
3 0.54374 0.45036 0.76868 0.05693
0 0.5 0.5 1.0 1.0
1 0.58316 0.54378 0.03038 0.02093
4 0.60834 0.52287 0.03752 0.06006
2 0.51451 0.52228 0.68934 0.0602
3 0.53573 0.5113 0.75211 0.05554
0 0.5 0.5 1.0 1.0
1 0.85426 0.58101 0.09038 0.05861
4 0.72485 0.59969 0.02363 0.02126
3 0.48922 0.57266 0.66527 0.04923
1 0.33189 0.60145 0.02528 0.02246
4 0.35426 0.59341 0.03306 0.03986
2 0.53593 0.58254 0.72523 0.0643
0 0.5 0.5 1.0 1.0
4 0.15421 0.68686 0.04736 0.10403
3 0.54451 0.63612 0.77391 0.04248
2 0.50922 0.68579 0.75967 0.09308
0 0.5 0.5 1.0 1.0
2 0.53662 0.72516 0.72348 0.02495
3 0.53689 0.69397 0.74242 0.0451
0 0.5 0.5 1.0 1.0
3 0.53272 0.75731 0.75635 0.04703
1 0.18334 0.78391 0.02721 0.01848
4 0.19333 0.77028 0.05823 0.0601
1 0.57596 0.78769 0.02566 0.02646
4 0.59933 0.77917 0.02682 0.03418
2 0.52177 0.77159 0.73418 0.06198