0 0.5 0.5 1.0 1.0
3 0.47926 0.04989 0.76274 0.05263
4 0.12032 0.08394 0.02482 0.02647
1 0.27977 0.08541 0.03315 0.02633
4 0.33178 0.06151 0.10888 0.07356
4 0.70631 0.08041 0.02576 0.02898
1 0.85996 0.07634 0.03992 0.02946
2 0.49442 0.06222 0.77326 0.07403
0 0.5 0.5 1.0 1.0
4 0.15516 0.13238 0.09812 0.0749
4 0.21191 0.15514 0.02642 0.02495
4 0.2559 0.1336 0.02784 0.02541
4 0.65885 0.10331 0.02888 0.0194
1 0.8615 0.1486 0.04271 0.0232
2 0.50462 0.13162 0.79022 0.07785
0 0.5 0.5 1.0 1.0
3 0.55734 0.18843 0.72143 0.05038
4 0.15349 0.20475 0.11146 0.08049
1 0.47812 0.22063 0.0383 0.0287
4 0.85391 0.21961 0.01971 0.02051
2 0.50751 0.20189 0.81656 0.08803
4 0.52183 0.1965 0.09491 0.07729
0 0.5 0.5 1.0 1.0
4 0.65597 0.26652 0.10016 0.08178
3 0.51211 0.25873 0.79741 0.05655
1 0.25907 0.29055 0.11056 0.03083
4 0.33158 0.27067 0.09429 0.07982
1 0.43418 0.29222 0.0443 0.03122
4 0.46259 0.28816 0.02057 0.02472
1 0.60625 0.28643 0.03996 0.02462
2 0.51715 0.26778 0.77472 0.08554
0 0.5 0.5 1.0 1.0
3 0.51128 0.32799 0.79868 0.05132
4 0.34986 0.35862 0.03432 0.02579
1 0.46993 0.35724 0.08194 0.02969
4 0.53364 0.33632 0.09963 0.07596
2 0.50994 0.33813 0.76452 0.07689
0 0.5 0.5 1.0 1.0
3 0.51518 0.39243 0.80428 0.05175
1 0.26091 0.43006 0.04774 0.02706
4 0.29427 0.43017 0.02835 0.02469
1 0.40049 0.42651 0.03656 0.02023
4 0.44448 0.40607 0.09657 0.0758
2 0.51082 0.40533 0.75599 0.0757
0 0.5 0.5 1.0 1.0
3 0.49827 0.46333 0.7595 0.05022
1 0.20321 0.49738 0.03588 0.02776
4 0.26296 0.47695 0.13317 0.06976
4 0.58146 0.49839 0.03073 0.02282
1 0.65093 0.49577 0.02646 0.0277
4 0.69276 0.47141 0.08985 0.07565
1 0.85379 0.49382 0.08539 0.02462
2 0.51584 0.4733 0.76599 0.07792
0 0.5 0.5 1.0 1.0
3 0.53066 0.53224 0.80139 0.05081
4 0.12822 0.60199 0.09532 0.14449
4 0.15616 0.57164 0.02474 0.0257
1 0.62409 0.56314 0.09242 0.02445
4 0.70092 0.54219 0.09838 0.0776
2 0.48562 0.58886 0.80765 0.17129
0 0.5 0.5 1.0 1.0
3 0.48834 0.6022 0.69213 0.0524
1 0.47552 0.63714 0.05057 0.02573
4 0.5058 0.63346 0.01773 0.02629
1 0.62287 0.63292 0.03447 0.02048
4 0.66502 0.61197 0.09357 0.07159
1 0.84876 0.62758 0.10074 0.02841
2 0.52192 0.61298 0.75464 0.07446
0 0.5 0.5 1.0 1.0
3 0.49932 0.67043 0.69984 0.04975
4 0.13338 0.70844 0.05334 0.08406
4 0.16108 0.70779 0.02607 0.02598
1 0.48442 0.70476 0.04612 0.02322
4 0.51935 0.70238 0.02568 0.02162
1 0.62103 0.70416 0.03034 0.02572
4 0.66301 0.6789 0.09585 0.07314
1 0.8545 0.69721 0.09739 0.02974
2 0.50501 0.69587 0.79936 0.11025
0 0.5 0.5 1.0 1.0
3 0.57217 0.73581 0.73224 0.05388
4 0.17954 0.75201 0.09129 0.07162
1 0.62632 0.77412 0.05011 0.03039
1 0.77659 0.77169 0.04108 0.03149
4 0.80517 0.74505 0.09983 0.07528
2 0.51867 0.74807 0.77056 0.08176
0 0.5 0.5 1.0 1.0
2 0.53768 0.80615 0.80226 0.05268
1 0.3099 0.83877 0.09659 0.03105
4 0.38178 0.82049 0.10527 0.0714
2 0.52572 0.82169 0.76732 0.07199
0 0.5 0.5 1.0 1.0
3 0.41769 0.87542 0.56369 0.05337
1 0.80772 0.87255 0.23403 0.04189
1 0.31738 0.9132 0.04316 0.03095
4 0.34328 0.91093 0.01722 0.03068
1 0.45629 0.91166 0.03347 0.02598
4 0.49914 0.90218 0.0912 0.10564
4 0.70549 0.90441 0.02102 0.03606
2 0.54197 0.88753 0.794 0.08192