0 0.5 0.5 1.0 1.0
3 0.39414 0.04692 0.39256 0.05721
4 0.16475 0.06452 0.08808 0.07905
1 0.72522 0.06529 0.31087 0.06945
2 0.50151 0.06389 0.7583 0.07658
0 0.5 0.5 1.0 1.0
3 0.50212 0.12346 0.77728 0.05224
2 0.50315 0.15664 0.76366 0.02992
1 0.86354 0.16069 0.03218 0.02218
0 0.5 0.5 1.0 1.0
4 0.12217 0.22244 0.12686 0.11131
3 0.54093 0.19267 0.71807 0.05023
2 0.46805 0.22261 0.80512 0.11302
0 0.5 0.5 1.0 1.0
3 0.50365 0.26058 0.79419 0.04883
1 0.28292 0.2919 0.03425 0.01969
4 0.31593 0.26973 0.06849 0.07147
2 0.48887 0.2705 0.76142 0.07177
0 0.5 0.5 1.0 1.0
3 0.4999 0.3295 0.79835 0.05488
1 0.63932 0.36157 0.02951 0.02201
4 0.70867 0.33978 0.14013 0.07581
2 0.489 0.33979 0.75067 0.07519
0 0.5 0.5 1.0 1.0
3 0.508 0.39978 0.80533 0.04868
2 0.50643 0.43378 0.77315 0.02822
0 0.5 0.5 1.0 1.0
3 0.51065 0.46447 0.83275 0.05022
2 0.50582 0.4792 0.78961 0.07473
1 0.74076 0.49877 0.0297 0.02125
4 0.77986 0.48319 0.09345 0.07534
0 0.5 0.5 1.0 1.0
3 0.51927 0.5367 0.83332 0.05271
2 0.49445 0.56902 0.77748 0.03147
0 0.5 0.5 1.0 1.0
1 0.61934 0.63533 0.03364 0.02031
4 0.65906 0.61525 0.10397 0.07441
3 0.49074 0.60378 0.79254 0.05116
2 0.48467 0.61546 0.7422 0.07503
0 0.5 0.5 1.0 1.0
3 0.50583 0.6698 0.79997 0.06403
2 0.49552 0.705 0.76036 0.03583
0 0.5 0.5 1.0 1.0
3 0.5115 0.74424 0.80182 0.06713
2 0.49799 0.77432 0.77274 0.03519
0 0.5 0.5 1.0 1.0
3 0.49922 0.80758 0.79233 0.06062
2 0.49046 0.8404 0.7488 0.03358
0 0.5 0.5 1.0 1.0
3 0.49851 0.87855 0.80823 0.05995
1 0.42486 0.91105 0.03383 0.02295
4 0.4655 0.89175 0.09902 0.07953
2 0.48916 0.89211 0.76982 0.0786