0 0.5 0.5 1.0 1.0
3 0.50868 0.05241 0.7981 0.06005
1 0.35407 0.08576 0.04036 0.02746
1 0.46609 0.07984 0.03512 0.02065
4 0.51476 0.05888 0.09734 0.0777
1 0.87239 0.08457 0.04867 0.02979
2 0.51678 0.05922 0.76409 0.08102
4 0.37597 0.08433 0.0128 0.02856
0 0.5 0.5 1.0 1.0
1 0.25911 0.15035 0.03262 0.02083
4 0.29161 0.13019 0.10263 0.06681
1 0.66595 0.15358 0.04338 0.0257
1 0.78038 0.15523 0.04243 0.02147
4 0.82275 0.12861 0.07894 0.07565
3 0.51289 0.12238 0.79947 0.06015
2 0.5202 0.1295 0.80057 0.07691
4 0.6891 0.15303 0.01566 0.0289
4 0.14306 0.15078 0.03957 0.02739
0 0.5 0.5 1.0 1.0
3 0.51964 0.1921 0.80582 0.06497
1 0.30989 0.22385 0.04532 0.02663
4 0.34038 0.19918 0.10581 0.0766
1 0.52687 0.22127 0.09019 0.02675
4 0.59696 0.19584 0.1111 0.07288
2 0.51962 0.1994 0.77048 0.07944
0 0.5 0.5 1.0 1.0
3 0.46814 0.26384 0.70147 0.05969
1 0.85653 0.26783 0.08718 0.06982
2 0.51763 0.27043 0.7726 0.07597
0 0.5 0.5 1.0 1.0
3 0.52193 0.32566 0.79187 0.05154
4 0.11752 0.39123 0.08256 0.11805
1 0.57645 0.36243 0.04049 0.029
1 0.69347 0.35652 0.03093 0.02033
4 0.73596 0.33616 0.09758 0.07278
2 0.48495 0.37476 0.82367 0.15206
4 0.15237 0.36481 0.02401 0.02375
4 0.59827 0.35984 0.01841 0.03067
0 0.5 0.5 1.0 1.0
1 0.87254 0.42969 0.0474 0.02396
1 0.35801 0.4315 0.05184 0.02695
1 0.5023 0.42797 0.03707 0.02078
4 0.54539 0.40447 0.0838 0.07568
3 0.51789 0.39462 0.75565 0.05247
2 0.52047 0.40536 0.76249 0.07797
4 0.3952 0.43041 0.02787 0.0244
0 0.5 0.5 1.0 1.0
3 0.51268 0.46537 0.76632 0.04649
1 0.29278 0.49737 0.03153 0.02474
4 0.3313 0.4753 0.09758 0.06793
1 0.86021 0.49319 0.0419 0.02396
2 0.49945 0.47812 0.76329 0.07423
4 0.66647 0.49376 0.03851 0.02718
4 0.14205 0.49797 0.04246 0.02632
0 0.5 0.5 1.0 1.0
4 0.17303 0.54307 0.10179 0.07321
1 0.87493 0.56362 0.04639 0.02486
2 0.51338 0.54263 0.79529 0.08202
4 0.79192 0.53881 0.02319 0.02396
4 0.82013 0.51677 0.02222 0.02317
0 0.5 0.5 1.0 1.0
4 0.17199 0.61669 0.11809 0.07395
1 0.64753 0.63388 0.03495 0.02604
4 0.67805 0.61093 0.06917 0.07331
3 0.5703 0.60211 0.70113 0.05138
2 0.50255 0.61362 0.7823 0.07975
4 0.45793 0.63889 0.02107 0.03194
0 0.5 0.5 1.0 1.0
4 0.52268 0.68129 0.08989 0.07875
1 0.6176 0.70675 0.04267 0.02921
1 0.76054 0.70349 0.03359 0.02754
4 0.79423 0.67915 0.1022 0.07379
3 0.52695 0.67375 0.7965 0.06304
1 0.44569 0.70464 0.11089 0.03121
2 0.52046 0.68472 0.75696 0.08432
4 0.64232 0.70104 0.02076 0.02418
4 0.30532 0.70714 0.02357 0.02801
0 0.5 0.5 1.0 1.0
3 0.53615 0.73835 0.81051 0.05957
1 0.56495 0.77393 0.08718 0.02916
4 0.65097 0.74823 0.08782 0.07424
2 0.52386 0.75175 0.75102 0.08266
4 0.39438 0.77289 0.02635 0.02624
0 0.5 0.5 1.0 1.0
3 0.53093 0.8062 0.81421 0.04996
1 0.42577 0.84139 0.04296 0.02462
1 0.59821 0.84019 0.04369 0.02534
4 0.64756 0.81361 0.09057 0.07597
2 0.53445 0.81447 0.77661 0.07918
4 0.45648 0.84162 0.03229 0.02271
0 0.5 0.5 1.0 1.0
3 0.53722 0.87555 0.80773 0.05089
1 0.36399 0.90813 0.0373 0.02294
4 0.40856 0.88745 0.10094 0.07597
1 0.7664 0.9088 0.03195 0.02443
4 0.81914 0.89022 0.12813 0.08693
2 0.54108 0.89213 0.77704 0.09064
4 0.71027 0.91028 0.03096 0.02451
4 0.16719 0.91296 0.02904 0.0273