0 0.5 0.5 1.0 1.0
2 0.51755 0.1687 0.68924 0.02277
3 0.5335 0.13689 0.75261 0.05425
0 0.5 0.5 1.0 1.0
4 0.70711 0.21994 0.03014 0.0288
2 0.51854 0.22396 0.69698 0.03684
3 0.54566 0.19955 0.76327 0.04949
0 0.5 0.5 1.0 1.0
1 0.46633 0.29004 0.02722 0.02447
4 0.49153 0.27146 0.04875 0.06564
2 0.52611 0.2715 0.7126 0.0669
3 0.54336 0.2625 0.76364 0.04756
0 0.5 0.5 1.0 1.0
1 0.55801 0.31323 0.02079 0.01843
4 0.52097 0.34756 0.03071 0.02612
4 0.59611 0.3332 0.07097 0.06824
2 0.52629 0.3342 0.71587 0.06489
3 0.54108 0.32222 0.76234 0.05283
0 0.5 0.5 1.0 1.0
2 0.52942 0.41521 0.71744 0.02225
3 0.54847 0.38481 0.75712 0.0509
0 0.5 0.5 1.0 1.0
2 0.53063 0.47121 0.71891 0.03081
4 0.55081 0.47068 0.03694 0.02651
3 0.54741 0.44481 0.76508 0.04878
0 0.5 0.5 1.0 1.0
1 0.25966 0.53573 0.03014 0.02726
4 0.28431 0.52078 0.05082 0.06726
2 0.53002 0.52164 0.71601 0.06631
4 0.84671 0.5347 0.0243 0.02277
3 0.52504 0.50401 0.72987 0.05334
0 0.5 0.5 1.0 1.0
4 0.16858 0.58962 0.05626 0.05359
1 0.87381 0.59967 0.03402 0.02143
2 0.51703 0.58661 0.75341 0.05425
3 0.54032 0.5683 0.75738 0.05336
0 0.5 0.5 1.0 1.0
4 0.66263 0.66029 0.02982 0.0221
2 0.52569 0.66068 0.71977 0.02132
3 0.54303 0.63133 0.75097 0.05205
0 0.5 0.5 1.0 1.0
1 0.41251 0.72206 0.03014 0.0233
4 0.44216 0.70793 0.035 0.04084
4 0.6259 0.72281 0.02528 0.02315
1 0.67256 0.70855 0.02722 0.01684
4 0.71075 0.70868 0.06944 0.05291
2 0.52956 0.70901 0.7254 0.04689
3 0.54111 0.68995 0.77035 0.05419
0 0.5 0.5 1.0 1.0
2 0.5288 0.78846 0.73081 0.02344
3 0.54473 0.75114 0.76508 0.05657