0 0.5 0.5 1.0 1.0
2 0.52668 0.15232 0.72408 0.05827
1 0.67319 0.16611 0.03204 0.02691
4 0.70158 0.14905 0.03992 0.05303
4 0.17421 0.16464 0.02021 0.02046
3 0.52308 0.13404 0.73043 0.06035
0 0.5 0.5 1.0 1.0
4 0.25072 0.21502 0.07251 0.06469
2 0.17057 0.22863 0.01771 0.01817
3 0.54064 0.20012 0.76983 0.05212
0 0.5 0.5 1.0 1.0
4 0.24597 0.29141 0.0297 0.02651
2 0.49305 0.29291 0.66882 0.02604
3 0.53654 0.25895 0.76119 0.05114
0 0.5 0.5 1.0 1.0
1 0.20815 0.35288 0.02667 0.02469
4 0.23853 0.33418 0.04354 0.06013
3 0.54119 0.32522 0.77835 0.04571
2 0.5122 0.33414 0.70877 0.06095
0 0.5 0.5 1.0 1.0
3 0.55053 0.38706 0.79335 0.04756
2 0.52233 0.40012 0.72109 0.06162
4 0.74254 0.41821 0.03152 0.02288
4 0.82046 0.40298 0.06695 0.06166
0 0.5 0.5 1.0 1.0
2 0.51695 0.47751 0.71744 0.02411
3 0.53822 0.44756 0.77948 0.05424
4 0.66119 0.47503 0.02618 0.01976
0 0.5 0.5 1.0 1.0
1 0.68506 0.54041 0.03038 0.02752
4 0.72617 0.51917 0.05634 0.06214
2 0.51389 0.51939 0.70632 0.06623
3 0.5145 0.50774 0.72327 0.05619
0 0.5 0.5 1.0 1.0
2 0.51238 0.58663 0.70512 0.05669
1 0.62092 0.58385 0.04263 0.0496
4 0.65532 0.58505 0.05509 0.06161
3 0.5298 0.56933 0.77128 0.05106
0 0.5 0.5 1.0 1.0
2 0.5148 0.66338 0.7101 0.01923
5 0.50815 0.6324 0.72519 0.05529
0 0.5 0.5 1.0 1.0
1 0.2879 0.71581 0.02311 0.01396
4 0.32065 0.7101 0.06708 0.06231
2 0.52129 0.7091 0.72226 0.05877
3 0.52131 0.69157 0.73841 0.05042
0 0.5 0.5 1.0 1.0
2 0.5141 0.78893 0.73238 0.02933
3 0.53878 0.75606 0.78076 0.04837