0 0.5 0.5 1.0 1.0
3 0.52321 0.13574 0.73164 0.06856
2 0.5234 0.17064 0.72441 0.02583
0 0.5 0.5 1.0 1.0
1 0.24956 0.21097 0.02264 0.01747
4 0.30909 0.21518 0.09778 0.06269
3 0.5432 0.20396 0.76927 0.06464
2 0.59938 0.23101 0.55841 0.02293
0 0.5 0.5 1.0 1.0
1 0.39681 0.28778 0.01947 0.02005
3 0.54193 0.26554 0.7649 0.05998
2 0.52059 0.2976 0.7316 0.02683
1 0.39308 0.24705 0.05184 0.02042
4 0.42895 0.27823 0.07062 0.06129
0 0.5 0.5 1.0 1.0
1 0.29998 0.3204 0.04441 0.02521
4 0.35365 0.33708 0.0723 0.06565
2 0.53111 0.35767 0.7398 0.03355
3 0.53889 0.32584 0.77523 0.05293
0 0.5 0.5 1.0 1.0
3 0.54853 0.38223 0.7838 0.05505
2 0.53749 0.42005 0.7448 0.02741
1 0.67836 0.40319 0.0598 0.04351
4 0.73348 0.40957 0.07275 0.07164
0 0.5 0.5 1.0 1.0
3 0.54596 0.44689 0.77371 0.05765
2 0.52948 0.4817 0.72872 0.02736
1 0.68037 0.46418 0.03972 0.0163
1 0.70658 0.48355 0.01675 0.01722
4 0.74778 0.47186 0.06922 0.06551
0 0.5 0.5 1.0 1.0
3 0.52941 0.51207 0.74686 0.05796
2 0.52752 0.54413 0.73102 0.02921
0 0.5 0.5 1.0 1.0
3 0.54562 0.57675 0.70798 0.05824
2 0.51708 0.59114 0.7512 0.06021
4 0.16557 0.58334 0.09573 0.07703
1 0.24066 0.56012 0.07587 0.02629
3 0.19781 0.55889 0.01071 0.02106
0 0.5 0.5 1.0 1.0
4 0.18403 0.65379 0.07163 0.06997
3 0.539 0.63873 0.67179 0.05888
2 0.50606 0.65574 0.7133 0.05317
0 0.5 0.5 1.0 1.0
1 0.24706 0.72067 0.02321 0.02046
1 0.29415 0.6847 0.07587 0.01522
3 0.52115 0.70042 0.71637 0.05412
2 0.51549 0.73111 0.72514 0.02811
4 0.27551 0.72132 0.07386 0.06723
0 0.5 0.5 1.0 1.0
2 0.49924 0.783 0.72342 0.0665
3 0.51496 0.77034 0.72099 0.05672
4 0.17599 0.77493 0.10152 0.13234
1 0.83298 0.7535 0.08234 0.01999