0 0.5 0.5 1.0 1.0
2 0.54839 0.17577 0.69752 0.03022
4 0.85083 0.1736 0.03352 0.02939
3 0.53764 0.14477 0.73797 0.05983
4 0.53161 0.17238 0.02488 0.02939
1 0.72874 0.17577 0.02872 0.0241
4 0.75452 0.15837 0.04542 0.05377
0 0.5 0.5 1.0 1.0
3 0.54823 0.20311 0.76538 0.06187
4 0.78995 0.23634 0.02968 0.02426
2 0.53409 0.23703 0.75441 0.03417
4 0.18589 0.23174 0.07883 0.08325
0 0.5 0.5 1.0 1.0
2 0.499 0.30088 0.66768 0.0295
3 0.53107 0.26706 0.74136 0.05827
0 0.5 0.5 1.0 1.0
2 0.52924 0.35912 0.74013 0.02806
3 0.53542 0.326 0.75076 0.04537
1 0.41064 0.36178 0.02985 0.03321
4 0.44254 0.34362 0.04542 0.0657
0 0.5 0.5 1.0 1.0
2 0.52748 0.4212 0.73405 0.02758
3 0.53044 0.38552 0.74487 0.0457
4 0.63145 0.42422 0.03507 0.0298
1 0.70289 0.429 0.02665 0.03094
4 0.74076 0.41387 0.08249 0.07262
0 0.5 0.5 1.0 1.0
2 0.53028 0.48414 0.74451 0.02607
3 0.52874 0.45133 0.73979 0.05112
0 0.5 0.5 1.0 1.0
2 0.53226 0.54559 0.74007 0.02703
1 0.88012 0.54745 0.04954 0.02675
3 0.54338 0.51235 0.7742 0.05324
0 0.5 0.5 1.0 1.0
4 0.75594 0.60648 0.01919 0.02264
4 0.81471 0.59784 0.08521 0.06334
4 0.17544 0.59697 0.0652 0.08063
2 0.52474 0.60875 0.7312 0.03119
3 0.52906 0.57866 0.7539 0.05398
0 0.5 0.5 1.0 1.0
2 0.52895 0.67471 0.73805 0.03481
4 0.76976 0.67043 0.03283 0.02566
3 0.54201 0.63696 0.74804 0.04893
0 0.5 0.5 1.0 1.0
2 0.52252 0.73245 0.72656 0.02459
3 0.5255 0.69647 0.73486 0.04859
0 0.5 0.5 1.0 1.0
2 0.5312 0.80241 0.74978 0.03516
3 0.5309 0.76529 0.76285 0.04645
1 0.60814 0.79963 0.03712 0.03822
4 0.6401 0.78175 0.04642 0.07255