0 0.5 0.5 1.0 1.0
2 0.53428 0.17009 0.73773 0.02518
3 0.55178 0.13486 0.77572 0.05231
0 0.5 0.5 1.0 1.0
2 0.53171 0.23154 0.7237 0.02892
3 0.53798 0.2029 0.7304 0.05821
1 0.86691 0.23225 0.03361 0.02242
0 0.5 0.5 1.0 1.0
3 0.54455 0.25446 0.76567 0.06056
4 0.18663 0.27567 0.02393 0.0611
2 0.52865 0.29267 0.72361 0.03195
0 0.5 0.5 1.0 1.0
2 0.52605 0.35798 0.74989 0.03036
3 0.52973 0.32484 0.75405 0.05048
4 0.8488 0.35867 0.0217 0.01678
1 0.74216 0.33471 0.05605 0.06861
4 0.7775 0.34373 0.03945 0.05293
4 0.16701 0.3635 0.04703 0.14204
0 0.5 0.5 1.0 1.0
2 0.52107 0.42289 0.74167 0.0363
3 0.54724 0.38537 0.78681 0.05125
1 0.52359 0.41751 0.0648 0.02342
4 0.55984 0.4007 0.0295 0.06764
0 0.5 0.5 1.0 1.0
2 0.52299 0.48332 0.71808 0.03018
3 0.55167 0.45042 0.77102 0.05356
1 0.58933 0.46683 0.05515 0.05403
4 0.62739 0.46314 0.03483 0.05832
0 0.5 0.5 1.0 1.0
2 0.52974 0.54471 0.73355 0.0331
3 0.53721 0.51042 0.74944 0.05567
0 0.5 0.5 1.0 1.0
2 0.53226 0.60812 0.75203 0.03749
3 0.55211 0.57871 0.78133 0.05214
4 0.2495 0.58637 0.04442 0.05545
1 0.21431 0.57145 0.03333 0.02165
0 0.5 0.5 1.0 1.0
2 0.53003 0.67758 0.76596 0.0261
3 0.54641 0.64153 0.80048 0.05455
1 0.443 0.64394 0.02899 0.02089
4 0.47535 0.6502 0.04644 0.05864
0 0.5 0.5 1.0 1.0
2 0.5173 0.73263 0.73397 0.03371
3 0.54401 0.70249 0.7785 0.05988
1 0.47452 0.71395 0.07033 0.06048
4 0.77567 0.73127 0.03271 0.02121
4 0.51507 0.71221 0.03654 0.05719
0 0.5 0.5 1.0 1.0
2 0.47545 0.79325 0.63589 0.0256
3 0.4714 0.76152 0.64313 0.05784
1 0.28412 0.79318 0.02852 0.02567
4 0.30907 0.78153 0.03325 0.04655
1 0.83737 0.79519 0.09106 0.02623
1 0.78968 0.75667 0.0285 0.02137
2 0.83762 0.76228 0.08075 0.0355
4 0.80773 0.75504 0.02048 0.01891
4 0.72446 0.79795 0.02508 0.02221