0 0.5 0.5 1.0 1.0
2 0.47192 0.16663 0.7482 0.0295
3 0.47533 0.13138 0.76225 0.06115
0 0.5 0.5 1.0 1.0
4 0.74307 0.22861 0.02624 0.02065
4 0.12661 0.20494 0.04845 0.06835
3 0.46345 0.19044 0.75562 0.056
2 0.4439 0.22925 0.72068 0.03494
1 0.82315 0.23452 0.04425 0.02883
0 0.5 0.5 1.0 1.0
2 0.45254 0.27749 0.74165 0.06125
3 0.46926 0.2617 0.75624 0.06813
4 0.12322 0.27628 0.0731 0.05618
0 0.5 0.5 1.0 1.0
3 0.45115 0.32499 0.69872 0.06246
4 0.34125 0.35322 0.0286 0.02798
1 0.79466 0.35315 0.0337 0.02474
2 0.45686 0.3537 0.72909 0.03321
0 0.5 0.5 1.0 1.0
2 0.4617 0.41892 0.73089 0.02887
3 0.49176 0.38513 0.70567 0.04822
4 0.12728 0.39805 0.05332 0.06372
0 0.5 0.5 1.0 1.0
2 0.46124 0.48367 0.74182 0.03255
3 0.46689 0.45057 0.7407 0.05855
4 0.50742 0.48017 0.02832 0.02504
1 0.57092 0.45957 0.04398 0.06019
4 0.61603 0.46334 0.06957 0.07003
0 0.5 0.5 1.0 1.0
2 0.45695 0.54651 0.72672 0.02881
3 0.46251 0.51148 0.72857 0.06059
0 0.5 0.5 1.0 1.0
2 0.46025 0.58717 0.72403 0.06442
3 0.4289 0.5741 0.67564 0.05741
1 0.78785 0.61485 0.05045 0.01916
1 0.75656 0.56242 0.0325 0.02394
0 0.5 0.5 1.0 1.0
2 0.48561 0.67551 0.68355 0.02684
3 0.46377 0.63702 0.73319 0.05977
4 0.11578 0.67171 0.07054 0.08266
0 0.5 0.5 1.0 1.0
2 0.46349 0.73048 0.73999 0.0307
3 0.48544 0.69979 0.76564 0.05275
0 0.5 0.5 1.0 1.0
2 0.46281 0.79322 0.72779 0.03232
3 0.49235 0.76729 0.80235 0.05827