0 0.5 0.5 1.0 1.0
2 0.41762 0.10579 0.71791 0.02532
1 0.04617 0.09759 0.02528 0.02495
4 0.07277 0.09408 0.0291 0.04476
3 0.42084 0.07795 0.72328 0.05596
0 0.5 0.5 1.0 1.0
2 0.42489 0.16897 0.71802 0.02374
3 0.42775 0.13877 0.72956 0.05971
1 0.16178 0.16733 0.03757 0.02146
4 0.19866 0.16878 0.04308 0.02436
0 0.5 0.5 1.0 1.0
2 0.42072 0.22834 0.69981 0.02535
3 0.43305 0.20721 0.73613 0.05673
0 0.5 0.5 1.0 1.0
2 0.4188 0.28253 0.72207 0.03357
3 0.42238 0.25896 0.73395 0.04237
4 0.07667 0.27874 0.03624 0.04431
1 0.3701 0.2829 0.04697 0.02718
4 0.40903 0.2811 0.02732 0.02918
0 0.5 0.5 1.0 1.0
2 0.42381 0.34245 0.72408 0.02318
3 0.42662 0.31647 0.73757 0.04636
0 0.5 0.5 1.0 1.0
2 0.13177 0.39952 0.14489 0.01972
1 0.28493 0.40138 0.1521 0.02078
3 0.34762 0.37264 0.58014 0.0399
0 0.5 0.5 1.0 1.0
2 0.41422 0.45662 0.75657 0.03229
3 0.45144 0.4312 0.66787 0.03998
4 0.07993 0.45358 0.09501 0.08953
4 0.57576 0.45758 0.08195 0.03197
0 0.5 0.5 1.0 1.0
2 0.41165 0.52314 0.72289 0.02941
3 0.41475 0.49228 0.73095 0.04157
4 0.35506 0.51809 0.04275 0.04751
0 0.5 0.5 1.0 1.0
2 0.42293 0.57826 0.73804 0.03197
3 0.41345 0.54854 0.73563 0.04346
4 0.25752 0.57946 0.08551 0.03118
0 0.5 0.5 1.0 1.0
2 0.42056 0.64741 0.74172 0.03487
3 0.42283 0.61288 0.74669 0.05116
4 0.71481 0.64766 0.07958 0.03599
0 0.5 0.5 1.0 1.0
2 0.42316 0.70688 0.75428 0.03724
3 0.42122 0.6763 0.74866 0.04884
4 0.43986 0.70151 0.07244 0.03837
4 0.72171 0.70831 0.05979 0.03437
0 0.5 0.5 1.0 1.0
2 0.41901 0.76633 0.72255 0.03062
3 0.42007 0.73752 0.73324 0.04939
4 0.28071 0.77262 0.09085 0.04395
4 0.48594 0.76472 0.06786 0.02574
4 0.68496 0.77516 0.0471 0.03597
0 0.5 0.5 1.0 1.0
2 0.62407 0.82757 0.3514 0.02831
3 0.61894 0.79847 0.35313 0.04173
5 0.58491 0.82414 0.06587 0.02343