0 0.5 0.5 1.0 1.0
2 0.44193 0.12556 0.71158 0.02936
3 0.4444 0.09311 0.71305 0.05252
0 0.5 0.5 1.0 1.0
3 0.43765 0.15607 0.72249 0.05684
2 0.4336 0.19055 0.70162 0.02409
1 0.24041 0.18898 0.05797 0.02094
4 0.29683 0.17664 0.06551 0.0531
0 0.5 0.5 1.0 1.0
3 0.4353 0.22451 0.71505 0.04787
2 0.43923 0.25664 0.71833 0.02984
0 0.5 0.5 1.0 1.0
3 0.44315 0.28905 0.71455 0.0531
2 0.43692 0.32009 0.70142 0.02693
4 0.47112 0.30188 0.09125 0.07279
1 0.73242 0.32009 0.07075 0.02445
0 0.5 0.5 1.0 1.0
3 0.43644 0.35631 0.70524 0.05252
2 0.43162 0.38437 0.69193 0.02806
4 0.12036 0.37048 0.06141 0.05871
0 0.5 0.5 1.0 1.0
3 0.43702 0.41764 0.71168 0.04985
2 0.44038 0.44976 0.71568 0.02446
1 0.66204 0.44868 0.06434 0.02806
4 0.7374 0.43034 0.06801 0.06619
0 0.5 0.5 1.0 1.0
3 0.43702 0.48178 0.69698 0.0518
2 0.44076 0.51524 0.70234 0.02661
0 0.5 0.5 1.0 1.0
3 0.43607 0.54924 0.73071 0.05252
2 0.43723 0.5794 0.70414 0.02795
0 0.5 0.5 1.0 1.0
3 0.44187 0.61323 0.73111 0.05638
2 0.42854 0.64538 0.70416 0.0295
5 0.38683 0.64358 0.04986 0.02734
5 0.44929 0.62497 0.08364 0.07319
0 0.5 0.5 1.0 1.0
3 0.43346 0.67841 0.70316 0.05228
2 0.4288 0.71138 0.69962 0.02806
0 0.5 0.5 1.0 1.0
3 0.42822 0.74588 0.71303 0.05038
2 0.42178 0.77971 0.68733 0.03166
1 0.56302 0.76388 0.1432 0.06331