0 0.5 0.5 1.0 1.0
2 0.51898 0.15239 0.70885 0.0643
3 0.53275 0.13937 0.75521 0.05434
0 0.5 0.5 1.0 1.0
1 0.83917 0.22817 0.11082 0.02813
2 0.53198 0.22616 0.73299 0.02813
3 0.52031 0.20238 0.72716 0.04488
0 0.5 0.5 1.0 1.0
2 0.51053 0.27692 0.74758 0.05492
4 0.17319 0.27759 0.07874 0.04956
3 0.54216 0.26159 0.76985 0.05612
0 0.5 0.5 1.0 1.0
2 0.5205 0.33973 0.70841 0.05693
3 0.5388 0.32476 0.75369 0.05472
1 0.74646 0.34052 0.03701 0.02336
4 0.7917 0.33855 0.07874 0.06363
0 0.5 0.5 1.0 1.0
2 0.52191 0.41944 0.71122 0.02416
3 0.53738 0.3874 0.76195 0.05759
0 0.5 0.5 1.0 1.0
1 0.44017 0.46953 0.10694 0.05123
4 0.50579 0.46319 0.07097 0.06406
2 0.51768 0.46249 0.70583 0.06564
3 0.53484 0.44647 0.76093 0.05748
0 0.5 0.5 1.0 1.0
2 0.53272 0.52543 0.74099 0.05814
1 0.63804 0.54685 0.03781 0.02256
4 0.66101 0.53817 0.03724 0.02801
1 0.82844 0.52802 0.16276 0.05709
3 0.52322 0.51191 0.7408 0.05507
0 0.5 0.5 1.0 1.0
4 0.22599 0.61695 0.21519 0.14279
2 0.4994 0.613 0.76861 0.13447
3 0.62574 0.57189 0.6048 0.06427
0 0.5 0.5 1.0 1.0
4 0.56905 0.66293 0.02577 0.02422
2 0.61202 0.66769 0.56507 0.02701
3 0.63097 0.63529 0.61116 0.05708
0 0.5 0.5 1.0 1.0
2 0.53188 0.70639 0.73478 0.06462
3 0.52928 0.69463 0.74525 0.05558
1 0.33327 0.72632 0.03111 0.03014
4 0.36389 0.7097 0.05736 0.06522
2 0.52996 0.70768 0.72459 0.06623
0 0.5 0.5 1.0 1.0
4 0.51783 0.78747 0.02167 0.01948
1 0.57335 0.79136 0.03105 0.01976
4 0.60542 0.77638 0.07089 0.0554
2 0.52383 0.77626 0.71788 0.05351
3 0.543 0.75528 0.75147 0.05291