0 0.5 0.5 1.0 1.0
2 0.48992 0.16567 0.74023 0.025
3 0.4844 0.12757 0.76635 0.0635
1 0.16523 0.14144 0.0854 0.0232
4 0.2318 0.14474 0.06021 0.0696
0 0.5 0.5 1.0 1.0
2 0.4564 0.22934 0.68449 0.02098
3 0.49866 0.19579 0.77191 0.05753
1 0.58808 0.20273 0.0663 0.05959
4 0.63663 0.21408 0.08197 0.06304
0 0.5 0.5 1.0 1.0
2 0.47753 0.29112 0.72596 0.03094
3 0.50047 0.26133 0.77405 0.0603
4 0.35604 0.28882 0.03148 0.02484
0 0.5 0.5 1.0 1.0
4 0.09819 0.41717 0.06377 0.20316
3 0.51182 0.32227 0.81005 0.05849
2 0.49197 0.35502 0.78884 0.02631
1 0.58319 0.3605 0.02819 0.02514
4 0.64039 0.33857 0.05684 0.05791
1 0.79077 0.35818 0.02819 0.02249
4 0.8084 0.35053 0.02639 0.02374
0 0.5 0.5 1.0 1.0
2 0.48121 0.41761 0.71975 0.02627
3 0.50517 0.38655 0.77295 0.05254
0 0.5 0.5 1.0 1.0
2 0.51833 0.47982 0.74289 0.02527
3 0.50628 0.45182 0.76915 0.05259
4 0.76522 0.47919 0.02831 0.02076
0 0.5 0.5 1.0 1.0
2 0.48244 0.54326 0.72121 0.02386
3 0.50093 0.50776 0.75617 0.06188
4 0.39112 0.52544 0.03319 0.06931
0 0.5 0.5 1.0 1.0
2 0.46803 0.6079 0.69647 0.02571
3 0.49019 0.5752 0.74709 0.05357
0 0.5 0.5 1.0 1.0
2 0.47904 0.6682 0.72558 0.02559
3 0.4992 0.63628 0.76831 0.05961
4 0.42019 0.66011 0.06203 0.04216
1 0.36865 0.67389 0.03054 0.0251
4 0.27665 0.66923 0.03883 0.02194
0 0.5 0.5 1.0 1.0
2 0.47845 0.72975 0.71345 0.02436
3 0.48999 0.70182 0.74376 0.05174
0 0.5 0.5 1.0 1.0
2 0.48216 0.79328 0.73236 0.03421
3 0.50179 0.76117 0.77246 0.0486
4 0.74939 0.78993 0.01808 0.01671