0 0.5 0.5 1.0 1.0
3 0.5042 0.05113 0.81474 0.06287
2 0.49131 0.0826 0.76553 0.03683
0 0.5 0.5 1.0 1.0
1 0.82272 0.15069 0.09834 0.03866
3 0.45117 0.12095 0.71868 0.05222
2 0.4885 0.15138 0.76989 0.03716
4 0.68144 0.15612 0.0255 0.03149
0 0.5 0.5 1.0 1.0
4 0.12374 0.19678 0.0863 0.07779
3 0.52375 0.18601 0.73119 0.06487
1 0.86218 0.2227 0.05006 0.02692
2 0.48349 0.19688 0.8062 0.07763
0 0.5 0.5 1.0 1.0
4 0.26823 0.26183 0.1 0.07627
4 0.1143 0.28689 0.02946 0.02391
1 0.60355 0.28461 0.03763 0.02819
4 0.65063 0.26522 0.09347 0.07627
3 0.49768 0.25519 0.8033 0.05314
1 0.23202 0.285 0.04005 0.02218
2 0.4848 0.26381 0.77268 0.07918
0 0.5 0.5 1.0 1.0
1 0.23667 0.35625 0.03778 0.0285
4 0.269 0.33276 0.11236 0.06962
3 0.49682 0.32486 0.80951 0.05098
2 0.48987 0.33434 0.77569 0.07301
4 0.68233 0.35647 0.02037 0.02791
4 0.18444 0.35611 0.02426 0.02625
0 0.5 0.5 1.0 1.0
1 0.26551 0.41972 0.08489 0.02757
4 0.33708 0.40152 0.10655 0.07763
1 0.78146 0.42565 0.04382 0.0268
3 0.49078 0.38903 0.80349 0.0537
2 0.48611 0.40094 0.76568 0.07733
4 0.80664 0.42004 0.02614 0.02739
0 0.5 0.5 1.0 1.0
3 0.44148 0.4589 0.71574 0.05052
1 0.18556 0.49246 0.03701 0.02819
4 0.22762 0.47017 0.08694 0.07347
1 0.81305 0.48828 0.10767 0.02973
2 0.4835 0.47099 0.76989 0.0762
4 0.56719 0.49204 0.03318 0.02378
0 0.5 0.5 1.0 1.0
4 0.6039 0.56161 0.0227 0.02386
4 0.12811 0.53418 0.1086 0.07948
1 0.5742 0.56486 0.04585 0.02572
1 0.74307 0.56148 0.04128 0.0285
4 0.78965 0.53882 0.09792 0.07597
3 0.53921 0.534 0.76589 0.05591
2 0.46921 0.53616 0.79685 0.08549
0 0.5 0.5 1.0 1.0
3 0.49561 0.59946 0.81221 0.0476
2 0.49491 0.6107 0.78924 0.07471
1 0.46065 0.63104 0.09253 0.02386
4 0.5261 0.61083 0.09771 0.07629
1 0.8581 0.6322 0.04595 0.02639
4 0.35433 0.62919 0.02472 0.02252
0 0.5 0.5 1.0 1.0
1 0.23209 0.69743 0.03154 0.02572
1 0.81547 0.69743 0.10249 0.03065
4 0.26671 0.67371 0.09875 0.06731
3 0.43817 0.66524 0.69852 0.04852
2 0.48662 0.67702 0.76719 0.07486
4 0.63456 0.69929 0.02725 0.02932
4 0.1128 0.69317 0.0226 0.02314
0 0.5 0.5 1.0 1.0
4 0.12905 0.73954 0.09961 0.08615
1 0.57389 0.76792 0.04648 0.02851
1 0.68768 0.76709 0.03133 0.02218
4 0.72181 0.74614 0.10083 0.07177
3 0.53261 0.73078 0.74727 0.05406
2 0.48282 0.73949 0.8037 0.08781
4 0.59844 0.76583 0.02663 0.02271
0 0.5 0.5 1.0 1.0
3 0.50254 0.79968 0.82164 0.05455
4 0.3801 0.8375 0.03655 0.02513
1 0.54292 0.82052 0.14544 0.06976
4 0.63824 0.81704 0.10753 0.07825
2 0.49075 0.81663 0.77857 0.07826
0 0.5 0.5 1.0 1.0
4 0.54768 0.88667 0.09063 0.07639
4 0.4081 0.90916 0.02176 0.03041
2 0.48816 0.88752 0.7918 0.07714
3 0.50498 0.86857 0.82891 0.05776
1 0.3846 0.91162 0.04543 0.03019
1 0.50213 0.90962 0.04606 0.02619