0 0.5 0.5 1.0 1.0
3 0.45747 0.13247 0.66729 0.04483
1 0.14659 0.16182 0.02919 0.02868
1 0.82182 0.14221 0.0811 0.06149
4 0.75018 0.16269 0.02878 0.03033
4 0.18781 0.13966 0.06071 0.06396
2 0.47632 0.14233 0.64523 0.06911
0 0.5 0.5 1.0 1.0
4 0.14925 0.20588 0.07663 0.07131
2 0.4804 0.20708 0.7409 0.06822
3 0.54122 0.19627 0.69836 0.06022
0 0.5 0.5 1.0 1.0
2 0.49078 0.26686 0.7146 0.06841
3 0.51041 0.25603 0.76721 0.05912
1 0.29487 0.28445 0.05187 0.02023
4 0.323 0.26631 0.04399 0.06078
0 0.5 0.5 1.0 1.0
3 0.49219 0.32422 0.73054 0.05178
2 0.49352 0.35499 0.73284 0.02637
0 0.5 0.5 1.0 1.0
2 0.50052 0.41571 0.73353 0.02073
3 0.51767 0.38579 0.7864 0.04926
0 0.5 0.5 1.0 1.0
1 0.74749 0.47662 0.03697 0.01829
4 0.78705 0.46216 0.06211 0.06818
2 0.4887 0.46175 0.73301 0.05846
0 0.5 0.5 1.0 1.0
2 0.4945 0.54263 0.72548 0.02442
3 0.51379 0.50924 0.77491 0.0517
0 0.5 0.5 1.0 1.0
2 0.49581 0.60673 0.72246 0.02012
3 0.50459 0.57552 0.762 0.05674
0 0.5 0.5 1.0 1.0
2 0.49291 0.65153 0.70653 0.06362
1 0.30443 0.66824 0.04308 0.02032
4 0.34168 0.65062 0.04706 0.05721
3 0.50842 0.63976 0.75916 0.05324
0 0.5 0.5 1.0 1.0
4 0.60578 0.72106 0.08348 0.07015
1 0.56553 0.71771 0.02992 0.04434
2 0.49026 0.71693 0.71193 0.05564
3 0.50843 0.69596 0.76276 0.05848
0 0.5 0.5 1.0 1.0
1 0.68466 0.77911 0.01635 0.01616
4 0.71511 0.77572 0.07066 0.05706
2 0.48838 0.78041 0.70778 0.05941
3 0.50793 0.75836 0.75582 0.0572