0 0.5 0.5 1.0 1.0
3 0.44392 0.08496 0.69863 0.05927
4 0.12265 0.1035 0.06125 0.06534
2 0.44384 0.12444 0.69445 0.02906
0 0.5 0.5 1.0 1.0
2 0.43825 0.1913 0.70409 0.03407
3 0.44178 0.16045 0.69943 0.0514
1 0.65272 0.18843 0.07178 0.02712
4 0.6989 0.16917 0.05359 0.06248
0 0.5 0.5 1.0 1.0
2 0.43694 0.25389 0.70164 0.03543
3 0.43086 0.22139 0.71141 0.04974
0 0.5 0.5 1.0 1.0
2 0.4302 0.31596 0.6963 0.03026
3 0.43919 0.28586 0.71183 0.04769
0 0.5 0.5 1.0 1.0
2 0.43339 0.38129 0.70078 0.02904
3 0.44576 0.34963 0.72385 0.05641
4 0.64392 0.36849 0.05158 0.07334
0 0.5 0.5 1.0 1.0
2 0.42695 0.44724 0.68777 0.03023
3 0.4375 0.41367 0.70795 0.04846
1 0.258 0.44403 0.06954 0.02377
4 0.29947 0.42302 0.04744 0.06717
0 0.5 0.5 1.0 1.0
2 0.42475 0.51018 0.69101 0.02734
3 0.43181 0.4801 0.69646 0.04866
0 0.5 0.5 1.0 1.0
2 0.42924 0.57525 0.69781 0.03587
3 0.43154 0.54498 0.70408 0.04606
1 0.34079 0.57584 0.05983 0.02318
4 0.36255 0.56019 0.06193 0.06744
0 0.5 0.5 1.0 1.0
2 0.42242 0.64015 0.68668 0.02867
3 0.42659 0.60849 0.70226 0.04594
0 0.5 0.5 1.0 1.0
2 0.41677 0.70716 0.67933 0.03342
3 0.42639 0.67644 0.69974 0.0518
1 0.33214 0.70446 0.06898 0.0359
4 0.40454 0.68975 0.08064 0.06547