0 0.5 0.5 1.0 1.0
2 0.47412 0.15686 0.70205 0.0234
3 0.50495 0.1242 0.79983 0.05997
0 0.5 0.5 1.0 1.0
2 0.48315 0.19899 0.72139 0.07035
3 0.50917 0.18692 0.7962 0.05569
1 0.17122 0.21699 0.02344 0.02319
4 0.19485 0.19653 0.04909 0.06737
0 0.5 0.5 1.0 1.0
1 0.48698 0.27893 0.039 0.02227
4 0.52866 0.26995 0.07689 0.06449
2 0.47978 0.27434 0.72221 0.0576
3 0.49886 0.2543 0.7903 0.05571
0 0.5 0.5 1.0 1.0
2 0.51172 0.34855 0.6768 0.02555
3 0.50906 0.31581 0.78679 0.06038
0 0.5 0.5 1.0 1.0
2 0.48146 0.41479 0.72055 0.02388
3 0.50799 0.37829 0.79134 0.06235
0 0.5 0.5 1.0 1.0
1 0.27778 0.47594 0.02806 0.02468
3 0.50006 0.43986 0.76865 0.05412
4 0.31309 0.46283 0.06792 0.07611
2 0.4706 0.46141 0.68717 0.07242
0 0.5 0.5 1.0 1.0
3 0.5027 0.50407 0.773 0.06046
2 0.48251 0.53707 0.71289 0.02283
0 0.5 0.5 1.0 1.0
2 0.48369 0.59886 0.72292 0.02783
3 0.50184 0.56833 0.77761 0.05586
0 0.5 0.5 1.0 1.0
1 0.30406 0.65861 0.03545 0.02468
4 0.34199 0.6409 0.05327 0.05843
3 0.5029 0.63064 0.7731 0.05799
2 0.46499 0.64631 0.68107 0.06235
0 0.5 0.5 1.0 1.0
1 0.29317 0.72086 0.02418 0.02177
4 0.33278 0.71182 0.07738 0.05628
2 0.48232 0.71184 0.72122 0.04692
3 0.50248 0.68667 0.77393 0.05246
0 0.5 0.5 1.0 1.0
2 0.48464 0.77977 0.71658 0.0305
3 0.49988 0.74536 0.7623 0.05872