0 0.5 0.5 1.0 1.0
1 0.20853 0.80532 0.0269 0.0275
4 0.25353 0.79583 0.06649 0.05764
2 0.50029 0.7962 0.70469 0.0583
3 0.53759 0.76325 0.79566 0.0549
0 0.5 0.5 1.0 1.0
2 0.50887 0.17364 0.6957 0.02498
3 0.53358 0.13737 0.76951 0.05691
0 0.5 0.5 1.0 1.0
4 0.17297 0.23206 0.02813 0.02276
3 0.53687 0.20366 0.77977 0.05775
1 0.6717 0.23065 0.02982 0.02397
4 0.69974 0.21747 0.04427 0.05343
2 0.51906 0.21815 0.7183 0.05819
0 0.5 0.5 1.0 1.0
4 0.25231 0.29374 0.03014 0.01766
4 0.31333 0.28944 0.06276 0.04618
2 0.47845 0.28948 0.64534 0.04756
3 0.53941 0.26206 0.7795 0.0515
0 0.5 0.5 1.0 1.0
2 0.50936 0.36159 0.71127 0.02285
3 0.53606 0.32872 0.7838 0.05224
0 0.5 0.5 1.0 1.0
2 0.49342 0.42575 0.67843 0.02478
3 0.53411 0.39025 0.7853 0.05156
0 0.5 0.5 1.0 1.0
2 0.49216 0.48488 0.55292 0.02501
4 0.39913 0.48232 0.02457 0.02112
3 0.53474 0.45213 0.78402 0.05292
0 0.5 0.5 1.0 1.0
1 0.72382 0.55045 0.02544 0.02258
4 0.8102 0.53267 0.1826 0.06276
2 0.52995 0.53515 0.75187 0.06662
1 0.39231 0.54768 0.03646 0.02864
3 0.53373 0.51748 0.78365 0.05877
0 0.5 0.5 1.0 1.0
2 0.50704 0.60884 0.71173 0.02352
3 0.5061 0.57277 0.72486 0.05425
0 0.5 0.5 1.0 1.0
4 0.374 0.67496 0.02967 0.0205
1 0.83973 0.67481 0.03376 0.02512
2 0.50454 0.67358 0.70545 0.02292
3 0.50157 0.63788 0.71355 0.05846
0 0.5 0.5 1.0 1.0
4 0.16689 0.71538 0.03617 0.05886
2 0.50612 0.71609 0.70663 0.06028
3 0.51541 0.70121 0.74466 0.05253