0 0.5 0.5 1.0 1.0
3 0.56073 0.08588 0.69376 0.06117
2 0.5603 0.12546 0.67313 0.02809
0 0.5 0.5 1.0 1.0
3 0.57059 0.15536 0.69387 0.0518
2 0.56148 0.18881 0.67562 0.03093
4 0.67357 0.17083 0.05469 0.06258
0 0.5 0.5 1.0 1.0
3 0.56735 0.22495 0.68622 0.05755
2 0.57064 0.25255 0.67321 0.03073
1 0.42124 0.25697 0.06702 0.02662
4 0.49817 0.2379 0.06755 0.05755
0 0.5 0.5 1.0 1.0
3 0.5622 0.28766 0.68514 0.04892
2 0.55771 0.31736 0.68555 0.03495
0 0.5 0.5 1.0 1.0
3 0.56514 0.35097 0.68944 0.04832
2 0.56421 0.38056 0.67843 0.03556
1 0.43808 0.37977 0.07932 0.02966
4 0.51542 0.36134 0.06379 0.06475
0 0.5 0.5 1.0 1.0
3 0.56646 0.41641 0.69003 0.05827
2 0.56934 0.44375 0.69069 0.03525
0 0.5 0.5 1.0 1.0
3 0.57318 0.47918 0.69913 0.05755
2 0.57703 0.51193 0.7 0.03098
0 0.5 0.5 1.0 1.0
3 0.56721 0.54294 0.68518 0.05468
2 0.56344 0.57504 0.68228 0.03381
1 0.28513 0.57819 0.04224 0.03003
4 0.32823 0.56278 0.0697 0.06252
0 0.5 0.5 1.0 1.0
2 0.52171 0.64283 0.57435 0.0303
1 0.86196 0.61998 0.12546 0.06721
3 0.51935 0.60971 0.57908 0.05304
0 0.5 0.5 1.0 1.0
3 0.61875 0.6744 0.60479 0.05468
2 0.55121 0.7046 0.72914 0.0345
4 0.26343 0.69377 0.20266 0.25192
0 0.5 0.5 1.0 1.0
3 0.56826 0.74419 0.68198 0.04964
2 0.57388 0.77737 0.6879 0.04101