0 0.5 0.5 1.0 1.0
3 0.47707 0.09354 0.58851 0.04579
2 0.42406 0.12758 0.70968 0.03381
4 0.12806 0.10314 0.12681 0.09564
0 0.5 0.5 1.0 1.0
3 0.42748 0.16112 0.70026 0.04549
2 0.43038 0.1908 0.68984 0.03394
1 0.55617 0.19243 0.04407 0.02467
4 0.58241 0.1762 0.03393 0.0556
0 0.5 0.5 1.0 1.0
3 0.42713 0.22471 0.69018 0.04747
2 0.42713 0.25575 0.6967 0.03187
1 0.55837 0.25457 0.04692 0.0295
4 0.584 0.2398 0.03462 0.05039
0 0.5 0.5 1.0 1.0
3 0.43227 0.28957 0.69672 0.04748
2 0.42782 0.32176 0.70129 0.03417
1 0.40848 0.31918 0.03895 0.02901
4 0.44526 0.30038 0.04544 0.06614
0 0.5 0.5 1.0 1.0
3 0.42884 0.35431 0.68714 0.04892
2 0.4273 0.3849 0.69237 0.03093
1 0.47815 0.38561 0.03245 0.02662
4 0.50211 0.36877 0.05009 0.05742
0 0.5 0.5 1.0 1.0
3 0.43182 0.41502 0.69702 0.04675
2 0.42744 0.44991 0.70362 0.03455
1 0.23567 0.44811 0.0421 0.03094
4 0.27083 0.42688 0.04552 0.0705
0 0.5 0.5 1.0 1.0
3 0.42719 0.48095 0.69666 0.04317
2 0.43484 0.51441 0.71165 0.03237
1 0.45022 0.51405 0.03397 0.03165
4 0.47694 0.49533 0.05409 0.06765
1 0.29803 0.51402 0.04624 0.03017
4 0.33089 0.50413 0.04544 0.04717
0 0.5 0.5 1.0 1.0
3 0.42972 0.54893 0.70427 0.04532
2 0.43697 0.57911 0.72439 0.03087
4 0.52708 0.57261 0.04435 0.03825
1 0.63875 0.57947 0.03306 0.03014
4 0.67043 0.56197 0.05193 0.0714
0 0.5 0.5 1.0 1.0
3 0.42629 0.61167 0.69911 0.0482
2 0.42749 0.64439 0.70535 0.03453
0 0.5 0.5 1.0 1.0
3 0.42379 0.67498 0.69977 0.05108
2 0.42913 0.71059 0.70207 0.03597
1 0.32662 0.70938 0.03931 0.02662
4 0.36322 0.68492 0.05553 0.0741
0 0.5 0.5 1.0 1.0
3 0.42611 0.745 0.70578 0.05324
2 0.43255 0.78025 0.71022 0.03309
1 0.47955 0.77701 0.03853 0.02806
4 0.50579 0.77142 0.03344 0.04133
4 0.70078 0.76982 0.0526 0.04101