0 0.5 0.5 1.0 1.0
1 0.71549 0.08592 0.02864 0.02178
4 0.75278 0.06441 0.10052 0.07591
2 0.50086 0.06476 0.74892 0.07574
3 0.5118 0.05667 0.78676 0.05152
0 0.5 0.5 1.0 1.0
3 0.51255 0.12666 0.78167 0.05414
2 0.5015 0.15766 0.75017 0.03841
0 0.5 0.5 1.0 1.0
2 0.50971 0.22641 0.7695 0.03116
3 0.52274 0.19232 0.80578 0.05925
0 0.5 0.5 1.0 1.0
1 0.5775 0.27179 0.12925 0.07388
4 0.64915 0.26901 0.07945 0.07265
1 0.85724 0.29548 0.03674 0.02561
3 0.50247 0.26223 0.76794 0.05476
2 0.49903 0.2721 0.76391 0.0782
0 0.5 0.5 1.0 1.0
1 0.66365 0.3658 0.04398 0.02761
1 0.81605 0.36415 0.10862 0.0346
4 0.49693 0.34112 0.10045 0.07481
4 0.15899 0.34112 0.08653 0.07758
1 0.39761 0.34459 0.13051 0.06941
3 0.49103 0.33147 0.61224 0.05127
4 0.68918 0.36595 0.02537 0.0311
2 0.49527 0.34142 0.75364 0.08076
0 0.5 0.5 1.0 1.0
4 0.15973 0.41348 0.08657 0.06863
3 0.54152 0.40387 0.70038 0.05107
1 0.41807 0.43311 0.04441 0.02638
1 0.53272 0.43403 0.03352 0.02607
4 0.58695 0.4099 0.10106 0.07373
2 0.48898 0.41064 0.74585 0.07404
4 0.442 0.43109 0.0167 0.03247
0 0.5 0.5 1.0 1.0
3 0.50174 0.46986 0.76589 0.04888
1 0.84797 0.50248 0.04889 0.02221
2 0.49706 0.50182 0.75568 0.026
4 0.13627 0.50349 0.0367 0.02359
0 0.5 0.5 1.0 1.0
3 0.50451 0.53866 0.77612 0.0592
2 0.49629 0.5701 0.75394 0.03114
0 0.5 0.5 1.0 1.0
3 0.50781 0.60836 0.78349 0.06077
2 0.50402 0.63843 0.76283 0.03208
4 0.52122 0.63396 0.02927 0.02898
0 0.5 0.5 1.0 1.0
4 0.45748 0.68423 0.09942 0.0756
2 0.48992 0.68498 0.73554 0.07978
3 0.50259 0.6733 0.77224 0.05339
1 0.41476 0.70522 0.04344 0.02468
0 0.5 0.5 1.0 1.0
3 0.51096 0.7414 0.7835 0.05753
1 0.59039 0.77647 0.0468 0.0247
4 0.6254 0.75633 0.06648 0.07546
2 0.49398 0.75558 0.74553 0.07796
4 0.66214 0.77964 0.02774 0.02317
4 0.52089 0.77438 0.02639 0.02314
0 0.5 0.5 1.0 1.0
3 0.5037 0.80658 0.77929 0.0546
2 0.49937 0.84439 0.76086 0.03549
4 0.34507 0.84363 0.02373 0.03102
0 0.5 0.5 1.0 1.0
1 0.80288 0.90952 0.11832 0.02869
2 0.48817 0.9086 0.74871 0.03054
3 0.46375 0.87908 0.68857 0.0559