0 0.5 0.5 1.0 1.0
2 0.49299 0.14738 0.65888 0.04823
4 0.56384 0.15715 0.02333 0.01663
1 0.61877 0.16063 0.0243 0.01906
4 0.65335 0.14931 0.06598 0.04956
3 0.53525 0.12626 0.75325 0.06084
0 0.5 0.5 1.0 1.0
2 0.52058 0.21972 0.7048 0.02143
3 0.54184 0.18991 0.75368 0.05693
0 0.5 0.5 1.0 1.0
2 0.52308 0.28193 0.7178 0.0222
3 0.54443 0.25201 0.76821 0.05525
4 0.81727 0.28164 0.02615 0.02277
0 0.5 0.5 1.0 1.0
1 0.62516 0.34259 0.03124 0.02679
4 0.65493 0.32506 0.03996 0.06051
2 0.52035 0.32472 0.70383 0.05969
3 0.5361 0.31396 0.75959 0.05559
0 0.5 0.5 1.0 1.0
2 0.51658 0.4091 0.7023 0.02163
3 0.5378 0.37701 0.76873 0.04964
0 0.5 0.5 1.0 1.0
4 0.22839 0.46765 0.02486 0.0221
1 0.27143 0.45526 0.0243 0.03617
4 0.30988 0.45854 0.05841 0.05775
2 0.52388 0.4566 0.71709 0.05358
3 0.5378 0.43885 0.76897 0.05157
0 0.5 0.5 1.0 1.0
2 0.51365 0.51138 0.70576 0.06147
3 0.53551 0.50097 0.76508 0.05345
1 0.71147 0.52777 0.03208 0.02129
4 0.74938 0.51103 0.0418 0.05343
0 0.5 0.5 1.0 1.0
3 0.53117 0.56141 0.75798 0.05448
5 0.52197 0.59166 0.71806 0.02612
0 0.5 0.5 1.0 1.0
1 0.28798 0.65196 0.02334 0.02072
4 0.32055 0.63859 0.05152 0.05165
2 0.51536 0.63851 0.71111 0.05433
3 0.53074 0.62412 0.75618 0.05599
0 0.5 0.5 1.0 1.0
1 0.62383 0.71233 0.02559 0.0229
4 0.65481 0.6959 0.05453 0.05559
2 0.52232 0.69657 0.72025 0.05827
3 0.53345 0.6866 0.76776 0.05544
0 0.5 0.5 1.0 1.0
2 0.52443 0.7785 0.73282 0.02545
3 0.53744 0.74464 0.77265 0.05431