0 0.5 0.5 1.0 1.0
3 0.5143 0.05643 0.79348 0.06602
2 0.49777 0.08998 0.73167 0.03562
0 0.5 0.5 1.0 1.0
1 0.84864 0.1516 0.07051 0.02429
3 0.47841 0.12545 0.71514 0.05611
2 0.50875 0.15957 0.74987 0.04019
0 0.5 0.5 1.0 1.0
4 0.16645 0.21109 0.09381 0.0678
2 0.51216 0.21012 0.78314 0.06653
3 0.55763 0.19468 0.7205 0.05581
0 0.5 0.5 1.0 1.0
1 0.29936 0.29315 0.03663 0.03136
4 0.34038 0.27565 0.08973 0.07486
3 0.52386 0.26387 0.80298 0.05343
2 0.52377 0.27791 0.77351 0.08056
0 0.5 0.5 1.0 1.0
3 0.526 0.33283 0.82468 0.05898
2 0.53216 0.36902 0.80199 0.03546
0 0.5 0.5 1.0 1.0
4 0.17633 0.4221 0.09499 0.09347
3 0.43094 0.40224 0.43641 0.05531
3 0.51752 0.42218 0.78146 0.09413
1 0.77375 0.41112 0.26544 0.07036
0 0.5 0.5 1.0 1.0
3 0.53332 0.46682 0.78879 0.05761
2 0.52126 0.50232 0.76551 0.03437
0 0.5 0.5 1.0 1.0
1 0.57091 0.5685 0.03159 0.02323
4 0.61045 0.54544 0.08723 0.07059
3 0.52986 0.53824 0.79192 0.05784
2 0.53129 0.54946 0.78711 0.07944
0 0.5 0.5 1.0 1.0
1 0.88617 0.63232 0.02689 0.02239
3 0.5163 0.60672 0.76975 0.06099
2 0.5231 0.63698 0.75866 0.03294
0 0.5 0.5 1.0 1.0
4 0.18621 0.68671 0.09 0.08544
2 0.5402 0.68661 0.80113 0.08495
3 0.57379 0.67301 0.69777 0.06242
0 0.5 0.5 1.0 1.0
2 0.53495 0.77622 0.7768 0.03167
3 0.53002 0.74431 0.78711 0.06291
0 0.5 0.5 1.0 1.0
4 0.30792 0.82746 0.09878 0.07458
2 0.53218 0.82815 0.75877 0.07556
3 0.53044 0.80998 0.79112 0.05469
1 0.27003 0.84599 0.03181 0.02301
0 0.5 0.5 1.0 1.0
2 0.5344 0.91302 0.7727 0.03558
3 0.54372 0.88212 0.79212 0.05816