0 0.5 0.5 1.0 1.0
2 0.52692 0.17876 0.72674 0.02518
4 0.72635 0.16482 0.04804 0.06599
1 0.69525 0.18011 0.03088 0.03381
3 0.52222 0.14453 0.72152 0.04597
0 0.5 0.5 1.0 1.0
2 0.5317 0.23946 0.72971 0.03022
3 0.53057 0.21002 0.73614 0.03586
0 0.5 0.5 1.0 1.0
4 0.32924 0.29533 0.03211 0.03134
2 0.53564 0.29945 0.73614 0.03885
3 0.5278 0.26923 0.76225 0.05036
1 0.40941 0.29786 0.03446 0.02992
4 0.44335 0.28251 0.0543 0.06972
0 0.5 0.5 1.0 1.0
2 0.53194 0.36304 0.72289 0.03269
4 0.78897 0.36155 0.03451 0.02283
3 0.53576 0.33479 0.74449 0.04748
1 0.89671 0.36392 0.04007 0.03094
0 0.5 0.5 1.0 1.0
2 0.56579 0.424 0.67865 0.02662
4 0.18777 0.42652 0.08145 0.10504
3 0.53285 0.39018 0.74871 0.06691
0 0.5 0.5 1.0 1.0
2 0.53967 0.48637 0.71943 0.03453
3 0.54176 0.4558 0.72988 0.05683
4 0.41913 0.48207 0.03274 0.02236
0 0.5 0.5 1.0 1.0
2 0.53783 0.54788 0.73773 0.03237
3 0.54384 0.51911 0.75285 0.0554
1 0.72135 0.55121 0.03446 0.02895
4 0.75086 0.5325 0.04281 0.06519
0 0.5 0.5 1.0 1.0
4 0.75897 0.60257 0.0736 0.05724
1 0.71633 0.61724 0.03008 0.03164
2 0.53972 0.61272 0.75026 0.03302
3 0.53456 0.57765 0.74831 0.05528
4 0.65618 0.60944 0.03438 0.02069
0 0.5 0.5 1.0 1.0
2 0.52876 0.67686 0.71043 0.0284
3 0.53661 0.64474 0.72891 0.05193
0 0.5 0.5 1.0 1.0
2 0.54271 0.73415 0.73069 0.03266
3 0.53897 0.70149 0.73972 0.04551
0 0.5 0.5 1.0 1.0
3 0.53622 0.76868 0.74212 0.05568
4 0.83831 0.79654 0.02609 0.02308
2 0.53305 0.80081 0.75001 0.03534