0 0.5 0.5 1.0 1.0
3 0.51439 0.05604 0.7914 0.06622
4 0.62513 0.09077 0.01706 0.03275
1 0.68604 0.09523 0.04068 0.02607
4 0.71886 0.07222 0.09743 0.0676
2 0.50456 0.0742 0.74998 0.07028
0 0.5 0.5 1.0 1.0
3 0.51816 0.13046 0.79833 0.06808
2 0.51714 0.16056 0.77534 0.02786
0 0.5 0.5 1.0 1.0
3 0.532 0.20115 0.83537 0.07081
2 0.48735 0.22784 0.74716 0.03366
4 0.25579 0.22374 0.02202 0.03115
0 0.5 0.5 1.0 1.0
4 0.26121 0.27202 0.09638 0.07444
1 0.22103 0.29541 0.03165 0.03047
2 0.49645 0.27335 0.75217 0.07863
3 0.51509 0.26626 0.81126 0.05054
0 0.5 0.5 1.0 1.0
1 0.85479 0.37211 0.04829 0.02657
3 0.49106 0.33415 0.78474 0.05881
2 0.50079 0.37246 0.76373 0.03793
4 0.7659 0.37453 0.03206 0.03805
0 0.5 0.5 1.0 1.0
4 0.15803 0.40853 0.09305 0.07414
3 0.55085 0.40878 0.71757 0.05346
2 0.48437 0.41266 0.75148 0.07988
0 0.5 0.5 1.0 1.0
3 0.52016 0.47082 0.84153 0.07086
2 0.5186 0.50509 0.8047 0.03279
0 0.5 0.5 1.0 1.0
3 0.51147 0.54357 0.81169 0.0634
2 0.49253 0.57753 0.75687 0.03512
4 0.61867 0.57385 0.03878 0.02775
0 0.5 0.5 1.0 1.0
3 0.51857 0.61045 0.82299 0.05859
1 0.27445 0.64052 0.03678 0.02642
2 0.50391 0.62162 0.78333 0.08174
4 0.31078 0.61828 0.09576 0.07628
0 0.5 0.5 1.0 1.0
1 0.42312 0.71149 0.04152 0.02517
3 0.51044 0.67998 0.82072 0.06507
4 0.468 0.68963 0.1034 0.07697
2 0.47233 0.6902 0.71531 0.07584
4 0.32175 0.70641 0.03477 0.0276
0 0.5 0.5 1.0 1.0
3 0.51599 0.75236 0.81969 0.07786
2 0.47489 0.7794 0.71611 0.03589
0 0.5 0.5 1.0 1.0
3 0.4965 0.81961 0.80413 0.07589
2 0.4873 0.84711 0.74924 0.0358
0 0.5 0.5 1.0 1.0
3 0.50507 0.88488 0.82792 0.07291
2 0.49352 0.91779 0.76267 0.04923
4 0.36738 0.91495 0.04687 0.02592