0 0.5 0.5 1.0 1.0
1 0.80147 0.15912 0.04453 0.02056
2 0.47039 0.15862 0.71872 0.02985
3 0.46763 0.12413 0.71703 0.0607
0 0.5 0.5 1.0 1.0
4 0.13113 0.20381 0.04212 0.05887
2 0.46751 0.20381 0.71487 0.05887
3 0.4665 0.19172 0.72844 0.06408
0 0.5 0.5 1.0 1.0
2 0.4665 0.27153 0.70534 0.05572
3 0.49191 0.25461 0.77004 0.05771
1 0.20421 0.24977 0.05349 0.02045
1 0.21691 0.28072 0.04143 0.02303
4 0.26278 0.27197 0.07542 0.05528
0 0.5 0.5 1.0 1.0
2 0.47258 0.34964 0.72401 0.02892
3 0.49261 0.31727 0.77639 0.06182
0 0.5 0.5 1.0 1.0
2 0.46835 0.41518 0.70938 0.03051
3 0.48645 0.38161 0.76407 0.06527
0 0.5 0.5 1.0 1.0
2 0.46361 0.4579 0.70052 0.05983
1 0.32843 0.46446 0.10822 0.03715
4 0.39987 0.46081 0.06547 0.06965
3 0.48556 0.44363 0.75675 0.06156
0 0.5 0.5 1.0 1.0
3 0.52696 0.50652 0.82877 0.05466
2 0.52831 0.53385 0.82992 0.03317
4 0.24245 0.53445 0.02869 0.02136
1 0.76708 0.53982 0.02504 0.0239
4 0.78152 0.53153 0.02695 0.02985
0 0.5 0.5 1.0 1.0
4 0.18604 0.60741 0.19545 0.13546
2 0.55411 0.59793 0.54725 0.02308
3 0.57462 0.56768 0.60829 0.05174
0 0.5 0.5 1.0 1.0
2 0.5568 0.66539 0.55264 0.02255
3 0.57512 0.62735 0.59929 0.05205
0 0.5 0.5 1.0 1.0
2 0.47325 0.71698 0.6911 0.02281
1 0.798 0.71692 0.04159 0.02636
3 0.47087 0.68715 0.71867 0.06104
0 0.5 0.5 1.0 1.0
4 0.13767 0.76085 0.04769 0.05977
2 0.46702 0.7624 0.70641 0.06489
3 0.50219 0.75151 0.7243 0.05134