0 0.5 0.5 1.0 1.0
1 0.17844 0.13301 0.03208 0.06564
4 0.22267 0.14079 0.06416 0.0593
2 0.48555 0.13737 0.72441 0.06899
3 0.50099 0.12553 0.77307 0.06185
0 0.5 0.5 1.0 1.0
3 0.50101 0.1889 0.78539 0.06103
2 0.48803 0.22418 0.74254 0.0285
0 0.5 0.5 1.0 1.0
2 0.47498 0.26851 0.70189 0.06288
3 0.4988 0.25387 0.77091 0.05346
1 0.41867 0.27499 0.0504 0.0355
4 0.47304 0.26504 0.08749 0.06612
0 0.5 0.5 1.0 1.0
1 0.80405 0.32803 0.05152 0.06489
2 0.47595 0.32941 0.70966 0.06497
3 0.47753 0.31581 0.72619 0.05198
0 0.5 0.5 1.0 1.0
3 0.49644 0.37783 0.7641 0.05366
2 0.47748 0.39412 0.71647 0.06378
4 0.13917 0.39232 0.03402 0.06069
0 0.5 0.5 1.0 1.0
1 0.32511 0.46106 0.06611 0.03818
2 0.48011 0.45905 0.71246 0.05693
3 0.49259 0.44472 0.76503 0.06018
4 0.38587 0.46376 0.06755 0.06363
0 0.5 0.5 1.0 1.0
1 0.41946 0.51634 0.03247 0.06162
2 0.47882 0.51687 0.7148 0.06221
3 0.49105 0.50418 0.7601 0.05023
0 0.5 0.5 1.0 1.0
2 0.47457 0.57888 0.70877 0.06162
3 0.48921 0.56657 0.75314 0.05008
4 0.71523 0.58292 0.07693 0.05961
0 0.5 0.5 1.0 1.0
3 0.49805 0.6254 0.77183 0.05638
2 0.48582 0.63885 0.72242 0.071
3 0.49814 0.62476 0.76776 0.05899
0 0.5 0.5 1.0 1.0
2 0.48816 0.71717 0.73133 0.02989
3 0.49333 0.68966 0.75405 0.05022
0 0.5 0.5 1.0 1.0
2 0.4819 0.77204 0.7147 0.06899
3 0.49192 0.74587 0.75494 0.05435