0 0.5 0.5 1.0 1.0
3 0.43224 0.48417 0.69891 0.04992
2 0.42957 0.51487 0.68912 0.03019
0 0.5 0.5 1.0 1.0
3 0.45504 0.5504 0.55097 0.05036
2 0.39461 0.5799 0.64802 0.03885
1 0.74366 0.56519 0.06956 0.06842
4 0.11658 0.63026 0.14388 0.21007
0 0.5 0.5 1.0 1.0
3 0.43281 0.61524 0.69734 0.04972
2 0.45309 0.64802 0.72817 0.03597
0 0.5 0.5 1.0 1.0
3 0.43376 0.68172 0.69191 0.04951
2 0.39943 0.71223 0.62425 0.03022
1 0.72957 0.7119 0.05551 0.0382
0 0.5 0.5 1.0 1.0
3 0.43488 0.74723 0.69886 0.05423
2 0.43109 0.77758 0.69994 0.03957
1 0.41055 0.7783 0.04866 0.03669
4 0.1077 0.77471 0.04204 0.04388
4 0.4423 0.76292 0.05517 0.05401
0 0.5 0.5 1.0 1.0
2 0.4334 0.12683 0.69021 0.03022
3 0.44059 0.09266 0.69313 0.05252
0 0.5 0.5 1.0 1.0
3 0.43915 0.16228 0.70725 0.04774
2 0.4428 0.1901 0.70426 0.03526
0 0.5 0.5 1.0 1.0
3 0.43895 0.22971 0.6967 0.05563
4 0.44006 0.2604 0.69664 0.03309
1 0.19736 0.25132 0.06776 0.03651
4 0.3125 0.23827 0.09927 0.07517
0 0.5 0.5 1.0 1.0
3 0.43817 0.28996 0.69344 0.05036
2 0.44328 0.32002 0.69346 0.03309
0 0.5 0.5 1.0 1.0
3 0.44029 0.35665 0.70555 0.05172
2 0.43855 0.3843 0.70039 0.03669
0 0.5 0.5 1.0 1.0
3 0.43588 0.42297 0.70868 0.05036
2 0.43213 0.4503 0.69886 0.03165
1 0.43946 0.44707 0.05026 0.03237
4 0.48752 0.43376 0.07098 0.05899