0 0.5 0.5 1.0 1.0
4 0.64968 0.15972 0.03498 0.02731
2 0.46596 0.1616 0.73322 0.02734
3 0.48474 0.12204 0.77501 0.06187
4 0.7039 0.13059 0.08247 0.0861
0 0.5 0.5 1.0 1.0
2 0.4676 0.22492 0.74762 0.02738
3 0.47167 0.19164 0.75411 0.04504
0 0.5 0.5 1.0 1.0
2 0.4419 0.27089 0.68184 0.06743
3 0.4765 0.25613 0.76301 0.0528
4 0.29247 0.27018 0.06681 0.07171
1 0.24327 0.29456 0.028 0.02012
1 0.18913 0.24308 0.02727 0.02181
0 0.5 0.5 1.0 1.0
4 0.65641 0.34626 0.03737 0.02677
2 0.4618 0.35165 0.74676 0.02651
3 0.46744 0.31637 0.74617 0.05581
0 0.5 0.5 1.0 1.0
2 0.46235 0.41409 0.72784 0.0257
4 0.20231 0.41314 0.02574 0.02066
3 0.46861 0.38365 0.74524 0.05418
4 0.26534 0.4015 0.06306 0.04934
4 0.12038 0.40053 0.0326 0.0579
0 0.5 0.5 1.0 1.0
2 0.46314 0.47801 0.73582 0.02725
3 0.4863 0.44892 0.78809 0.04713
4 0.48544 0.47729 0.03367 0.02913
0 0.5 0.5 1.0 1.0
2 0.45393 0.54011 0.7002 0.02192
3 0.48179 0.51206 0.765 0.04996
4 0.45673 0.5209 0.07118 0.0761
1 0.17683 0.54163 0.03957 0.02921
4 0.3852 0.54121 0.03602 0.01978
4 0.21954 0.5266 0.04492 0.05053
1 0.29181 0.52344 0.11744 0.01805
0 0.5 0.5 1.0 1.0
3 0.4803 0.57 0.76537 0.04735
4 0.75252 0.60049 0.02142 0.02829
2 0.46221 0.59951 0.72477 0.0289
0 0.5 0.5 1.0 1.0
3 0.46051 0.63891 0.7376 0.04549
4 0.55495 0.64568 0.03533 0.06044
1 0.52495 0.66469 0.02551 0.02445
2 0.46096 0.66711 0.70088 0.02344
0 0.5 0.5 1.0 1.0
2 0.46406 0.72702 0.72192 0.02644
3 0.48064 0.69658 0.76018 0.05166
4 0.47558 0.71903 0.0598 0.05473
0 0.5 0.5 1.0 1.0
2 0.46883 0.79006 0.7463 0.02706
3 0.4854 0.75659 0.76853 0.05375