0 0.5 0.5 1.0 1.0
3 0.43102 0.09814 0.69999 0.05816
2 0.44215 0.13118 0.70369 0.03381
1 0.68578 0.13154 0.04334 0.03022
4 0.71881 0.12171 0.05734 0.04844
0 0.5 0.5 1.0 1.0
3 0.43547 0.16343 0.6883 0.04767
2 0.43686 0.19266 0.6985 0.03525
4 0.25443 0.18684 0.0659 0.03801
1 0.4487 0.19238 0.05168 0.02894
4 0.5005 0.18737 0.07356 0.06022
0 0.5 0.5 1.0 1.0
3 0.43648 0.2241 0.70129 0.04696
2 0.44119 0.2569 0.70485 0.0287
0 0.5 0.5 1.0 1.0
3 0.43818 0.28928 0.72063 0.05612
2 0.43426 0.32237 0.70033 0.02734
1 0.56632 0.31998 0.0792 0.02544
4 0.63621 0.30994 0.06275 0.04996
0 0.5 0.5 1.0 1.0
3 0.42949 0.35214 0.69899 0.04893
2 0.42902 0.38632 0.69994 0.03094
0 0.5 0.5 1.0 1.0
3 0.42449 0.42158 0.68499 0.05267
2 0.42775 0.44971 0.7066 0.03237
0 0.5 0.5 1.0 1.0
3 0.42303 0.4823 0.69308 0.0533
2 0.43118 0.51435 0.71573 0.03957
1 0.44505 0.5184 0.0562 0.02754
4 0.49907 0.50717 0.04318 0.07837
0 0.5 0.5 1.0 1.0
3 0.43146 0.54811 0.71297 0.05737
2 0.42889 0.58003 0.71378 0.03381
0 0.5 0.5 1.0 1.0
3 0.42291 0.61375 0.70561 0.05162
2 0.41933 0.64424 0.69265 0.03669
1 0.56307 0.64352 0.06547 0.0223
4 0.6348 0.63519 0.06697 0.056
0 0.5 0.5 1.0 1.0
3 0.41852 0.67849 0.68961 0.05456
2 0.4188 0.71189 0.69338 0.03813
0 0.5 0.5 1.0 1.0
3 0.42658 0.74772 0.70766 0.05289
2 0.42858 0.7828 0.69502 0.03309