0 0.5 0.5 1.0 1.0
2 0.50029 0.17212 0.69642 0.02308
3 0.5258 0.13611 0.77349 0.06684
0 0.5 0.5 1.0 1.0
1 0.2785 0.22835 0.02086 0.02021
4 0.3158 0.2226 0.06695 0.05272
2 0.50218 0.22279 0.71527 0.05417
3 0.52069 0.19921 0.76446 0.05336
0 0.5 0.5 1.0 1.0
1 0.44299 0.29231 0.0392 0.02014
4 0.48128 0.27595 0.03933 0.05904
2 0.49891 0.27769 0.70316 0.06445
3 0.52442 0.26656 0.77624 0.05194
0 0.5 0.5 1.0 1.0
1 0.56383 0.35707 0.02796 0.01987
4 0.60468 0.34317 0.0692 0.08104
2 0.50245 0.34223 0.71527 0.08094
3 0.5263 0.32774 0.78216 0.05767
0 0.5 0.5 1.0 1.0
2 0.49944 0.40273 0.71409 0.06357
3 0.51625 0.38714 0.77575 0.05867
1 0.63899 0.42104 0.04072 0.02368
4 0.66048 0.402 0.04375 0.06129
0 0.5 0.5 1.0 1.0
1 0.83743 0.48318 0.02729 0.0218
2 0.50644 0.48316 0.69993 0.0221
3 0.50396 0.44907 0.71658 0.05278
0 0.5 0.5 1.0 1.0
4 0.15197 0.5376 0.05347 0.04756
2 0.4887 0.53894 0.7211 0.0489
3 0.52509 0.51287 0.77491 0.0528
0 0.5 0.5 1.0 1.0
1 0.27514 0.60092 0.0273 0.02809
4 0.31445 0.58689 0.05113 0.05709
2 0.49696 0.58944 0.71467 0.06347
3 0.51931 0.57725 0.77396 0.05885
0 0.5 0.5 1.0 1.0
2 0.49719 0.66531 0.7122 0.04881
1 0.36078 0.66782 0.02073 0.01786
4 0.39825 0.66418 0.0583 0.04846
3 0.52273 0.64205 0.78159 0.06486
0 0.5 0.5 1.0 1.0
1 0.55856 0.73186 0.02483 0.02026
4 0.6 0.71278 0.04514 0.06109
2 0.49162 0.71515 0.70283 0.06103
5 0.52447 0.70091 0.78532 0.05368
0 0.5 0.5 1.0 1.0
2 0.50087 0.77675 0.72925 0.06973
3 0.46383 0.76221 0.66625 0.0586
1 0.82624 0.7597 0.05426 0.0359
1 0.82372 0.79412 0.05498 0.02303