0 0.5 0.5 1.0 1.0
4 0.13717 0.0761 0.12423 0.11416
3 0.5271 0.04445 0.68234 0.06783
1 0.86524 0.08543 0.0744 0.02625
2 0.48931 0.07513 0.82975 0.11518
5 0.94493 0.03859 0.06462 0.02558
0 0.5 0.5 1.0 1.0
3 0.50718 0.11579 0.74504 0.05746
1 0.34045 0.14691 0.08861 0.02375
4 0.41819 0.12534 0.09064 0.07497
1 0.84941 0.15575 0.05213 0.02391
2 0.50133 0.1278 0.75167 0.07933
0 0.5 0.5 1.0 1.0
1 0.22509 0.21665 0.03962 0.02593
4 0.26324 0.1953 0.0961 0.07893
1 0.45348 0.21665 0.10384 0.03219
4 0.52104 0.19206 0.11291 0.07377
3 0.5142 0.18665 0.79006 0.0603
2 0.4994 0.19461 0.75545 0.07964
4 0.13264 0.21843 0.0213 0.02627
0 0.5 0.5 1.0 1.0
1 0.32555 0.28841 0.04533 0.02795
1 0.45802 0.28646 0.03167 0.02742
4 0.50595 0.26504 0.09455 0.07286
1 0.69878 0.28433 0.08253 0.02646
4 0.76468 0.26797 0.10479 0.0774
2 0.51934 0.26728 0.79782 0.07824
3 0.51382 0.25377 0.79009 0.05371
4 0.35704 0.28338 0.02513 0.02628
0 0.5 0.5 1.0 1.0
1 0.70883 0.35971 0.03276 0.02422
4 0.73939 0.33625 0.10644 0.07075
3 0.51253 0.32361 0.80833 0.05092
2 0.50604 0.33713 0.77176 0.07145
4 0.62954 0.35296 0.03211 0.02497
1 0.60141 0.35677 0.04903 0.02877
0 0.5 0.5 1.0 1.0
1 0.20729 0.42381 0.0867 0.03064
4 0.27172 0.40501 0.09385 0.07792
1 0.67757 0.42642 0.03314 0.02701
1 0.86318 0.4247 0.03751 0.02173
2 0.50396 0.40496 0.75944 0.07777
3 0.6015 0.39226 0.57647 0.04771
4 0.70343 0.42424 0.01997 0.0371
0 0.5 0.5 1.0 1.0
4 0.15338 0.47004 0.08332 0.07563
1 0.37244 0.47796 0.12327 0.06502
4 0.45577 0.47181 0.09135 0.07955
1 0.88095 0.49037 0.03939 0.03356
3 0.53872 0.45835 0.72639 0.052
2 0.50568 0.47161 0.7908 0.07954
0 0.5 0.5 1.0 1.0
1 0.25138 0.55871 0.03439 0.02158
4 0.28311 0.53931 0.09409 0.07001
1 0.65028 0.56302 0.03897 0.02879
1 0.76084 0.55856 0.02835 0.02065
4 0.7829 0.53592 0.06426 0.07245
3 0.50442 0.52844 0.79517 0.05556
4 0.49778 0.53884 0.77455 0.07762
4 0.67234 0.5624 0.0176 0.02947
4 0.13104 0.5593 0.02795 0.03653
0 0.5 0.5 1.0 1.0
1 0.38286 0.6324 0.04419 0.02624
1 0.52562 0.62999 0.03752 0.02173
4 0.57272 0.60826 0.0842 0.06955
1 0.76646 0.62766 0.03164 0.02795
4 0.80205 0.60562 0.09392 0.06986
3 0.50457 0.59671 0.80136 0.05164
2 0.51319 0.60848 0.78943 0.07436
4 0.41037 0.62755 0.02999 0.02099
0 0.5 0.5 1.0 1.0
1 0.26155 0.69711 0.09664 0.02414
4 0.34288 0.67542 0.09003 0.07692
3 0.50544 0.663 0.78807 0.05294
2 0.50207 0.67534 0.75714 0.07576
0 0.5 0.5 1.0 1.0
3 0.49574 0.73188 0.76529 0.05728
2 0.49616 0.76853 0.74695 0.03309
0 0.5 0.5 1.0 1.0
1 0.16736 0.80885 0.12338 0.06682
4 0.25377 0.81632 0.08987 0.07666
1 0.60038 0.8372 0.04205 0.02725
1 0.73693 0.8304 0.02793 0.02068
4 0.77161 0.80868 0.08436 0.06908
2 0.49765 0.81395 0.7832 0.07917
3 0.59633 0.79847 0.64755 0.0601
4 0.62707 0.83392 0.02753 0.02347
0 0.5 0.5 1.0 1.0
1 0.32931 0.91197 0.0373 0.02788
1 0.45404 0.90552 0.03248 0.02184
4 0.49047 0.88226 0.08607 0.07829
1 0.85797 0.89854 0.0461 0.0279
2 0.4995 0.88599 0.76611 0.0843
3 0.51233 0.86945 0.78469 0.05988
4 0.35191 0.91257 0.02478 0.03749