0 0.5 0.5 1.0 1.0
3 0.5317 0.04889 0.716 0.05913
4 0.14625 0.06105 0.08888 0.07856
2 0.47274 0.06098 0.74068 0.07901
0 0.5 0.5 1.0 1.0
3 0.49769 0.12097 0.81923 0.05728
1 0.23823 0.15075 0.08018 0.02696
4 0.31385 0.13509 0.10131 0.08744
1 0.63611 0.15196 0.04346 0.02776
1 0.7653 0.1508 0.03294 0.02912
4 0.80674 0.1287 0.09551 0.07269
2 0.5 0.13474 0.7852 0.08718
4 0.66355 0.1505 0.02987 0.02861
0 0.5 0.5 1.0 1.0
1 0.26363 0.21928 0.10027 0.02958
4 0.3405 0.19871 0.09737 0.07563
1 0.72207 0.22272 0.04309 0.02649
1 0.85602 0.22177 0.04165 0.0274
3 0.5024 0.18947 0.81606 0.05068
2 0.49011 0.1997 0.77256 0.07794
4 0.74972 0.21896 0.02216 0.02582
0 0.5 0.5 1.0 1.0
4 0.13067 0.27076 0.10054 0.08297
3 0.54054 0.25418 0.76241 0.05083
1 0.54733 0.28468 0.09986 0.02726
4 0.61509 0.26982 0.08538 0.07671
2 0.47105 0.27016 0.78232 0.08145
4 0.42795 0.28729 0.03066 0.03281
0 0.5 0.5 1.0 1.0
1 0.2919 0.361 0.05346 0.02754
1 0.44579 0.35721 0.03307 0.02588
4 0.48744 0.33303 0.11885 0.07725
1 0.72261 0.35639 0.09695 0.03233
4 0.78639 0.33568 0.09969 0.07671
2 0.49049 0.33451 0.76998 0.07988
4 0.32726 0.35912 0.03315 0.02532
3 0.50878 0.32456 0.81875 0.05903
0 0.5 0.5 1.0 1.0
3 0.54798 0.46303 0.75621 0.05512
4 0.12719 0.47482 0.12587 0.08639
1 0.62119 0.49789 0.04271 0.0253
1 0.75219 0.49456 0.02719 0.02234
4 0.77356 0.47161 0.07688 0.07686
2 0.49152 0.47578 0.85319 0.0857
4 0.64031 0.49574 0.02279 0.0333
0 0.5 0.5 1.0 1.0
1 0.47581 0.56616 0.04496 0.02246
1 0.58436 0.5626 0.04332 0.02249
3 0.4975 0.53272 0.81266 0.05336
4 0.62822 0.54319 0.08293 0.07301
2 0.49117 0.54284 0.78096 0.07351
4 0.50204 0.56386 0.02687 0.0252
0 0.5 0.5 1.0 1.0
4 0.75479 0.63125 0.02163 0.0231
4 0.23452 0.62915 0.02155 0.02582
1 0.20794 0.63129 0.04046 0.02834
1 0.32767 0.63052 0.03688 0.02249
2 0.36569 0.61033 0.09675 0.07392
1 0.7241 0.63598 0.04703 0.02973
1 0.85276 0.6329 0.04787 0.02726
3 0.49564 0.6009 0.79583 0.05051
2 0.49497 0.61199 0.77608 0.07625
0 0.5 0.5 1.0 1.0
3 0.52488 0.66492 0.72795 0.05006
4 0.13059 0.67632 0.12016 0.09042
1 0.50522 0.70222 0.03883 0.02757
4 0.56992 0.6785 0.14295 0.07594
1 0.86246 0.69991 0.04434 0.02634
2 0.47677 0.67586 0.80451 0.08756
4 0.79093 0.69914 0.01739 0.02828
4 0.35165 0.70278 0.02473 0.03542
0 0.5 0.5 1.0 1.0
4 0.13713 0.74639 0.11105 0.0727
1 0.32645 0.77242 0.10738 0.02649
4 0.40594 0.74793 0.10338 0.0764
2 0.47706 0.74765 0.80285 0.08118
3 0.54301 0.74081 0.74256 0.05669
0 0.5 0.5 1.0 1.0
3 0.49042 0.80402 0.77753 0.05252
1 0.32292 0.81881 0.11395 0.0667
4 0.40362 0.8223 0.1067 0.08201
1 0.72751 0.84024 0.04123 0.0305
1 0.84767 0.83415 0.04744 0.02572
2 0.49091 0.821 0.76655 0.08164
4 0.75153 0.83575 0.02644 0.02295
0 0.5 0.5 1.0 1.0
4 0.14401 0.87852 0.10455 0.08168
1 0.56732 0.90932 0.0431 0.03358
1 0.69961 0.90291 0.02918 0.02423
4 0.73523 0.88506 0.10379 0.07625
3 0.54282 0.87236 0.74491 0.05115
2 0.48341 0.8818 0.81296 0.08801
4 0.59918 0.90703 0.02767 0.02067
0 0.5 0.5 1.0 1.0
3 0.48005 0.39419 0.75443 0.0546
1 0.51134 0.42829 0.04323 0.02662
4 0.53734 0.42817 0.01997 0.03695
1 0.62458 0.42607 0.03534 0.02764
1 0.83118 0.42588 0.09154 0.0236
4 0.66439 0.40631 0.09928 0.0806
4 0.53602 0.4272 0.01937 0.03561
2 0.49318 0.40674 0.76529 0.08086