0 0.5 0.5 1.0 1.0
4 0.22004 0.15014 0.03111 0.02255
2 0.47353 0.15773 0.71598 0.0288
3 0.47419 0.1246 0.71465 0.05888
0 0.5 0.5 1.0 1.0
4 0.13692 0.19657 0.04375 0.06412
1 0.60452 0.17412 0.05152 0.01927
1 0.6097 0.19965 0.02366 0.01407
4 0.58605 0.21488 0.02819 0.01978
4 0.64778 0.21156 0.07388 0.06661
2 0.45773 0.20233 0.6873 0.07837
3 0.48689 0.18874 0.7573 0.0558
0 0.5 0.5 1.0 1.0
1 0.63174 0.28262 0.0243 0.01943
4 0.65945 0.26788 0.05055 0.05425
2 0.47277 0.26989 0.71555 0.05425
3 0.48615 0.25349 0.75683 0.05357
0 0.5 0.5 1.0 1.0
2 0.46608 0.34572 0.70102 0.02065
3 0.48665 0.313 0.75321 0.0581
0 0.5 0.5 1.0 1.0
4 0.23768 0.40468 0.02432 0.02076
1 0.73105 0.4087 0.02916 0.0221
4 0.75924 0.39128 0.04083 0.05827
2 0.46492 0.39162 0.69752 0.06162
3 0.48783 0.37607 0.75864 0.05387
0 0.5 0.5 1.0 1.0
2 0.46465 0.4528 0.69427 0.06363
1 0.5256 0.47256 0.0243 0.0241
4 0.5572 0.45284 0.06611 0.06087
3 0.49251 0.4397 0.76711 0.0565
0 0.5 0.5 1.0 1.0
1 0.76524 0.53121 0.02916 0.02203
4 0.78549 0.51149 0.04116 0.06162
2 0.4852 0.51216 0.67674 0.0643
4 0.34701 0.53158 0.02741 0.02143
3 0.48866 0.50364 0.75491 0.04786
0 0.5 0.5 1.0 1.0
2 0.47458 0.59465 0.708 0.02344
3 0.46578 0.56307 0.72366 0.04641
4 0.74369 0.5926 0.0259 0.02218
1 0.812 0.599 0.031 0.02411
0 0.5 0.5 1.0 1.0
4 0.13193 0.64425 0.06319 0.06087
2 0.4644 0.6439 0.73008 0.0589
3 0.49291 0.62557 0.77028 0.05805
0 0.5 0.5 1.0 1.0
4 0.16352 0.70876 0.02332 0.02344
2 0.47023 0.71072 0.70286 0.02888
3 0.48848 0.68494 0.75362 0.0535
0 0.5 0.5 1.0 1.0
3 0.48871 0.74599 0.74927 0.05764
1 0.33693 0.78068 0.03208 0.02812
4 0.37072 0.75794 0.04715 0.05902
2 0.47019 0.76439 0.7027 0.06623