0 0.5 0.5 1.0 1.0
1 0.26469 0.15458 0.0276 0.02478
4 0.29162 0.13864 0.03792 0.05398
2 0.50072 0.1429 0.6791 0.06154
3 0.50649 0.12586 0.78058 0.0596
0 0.5 0.5 1.0 1.0
4 0.53792 0.22043 0.03105 0.02186
1 0.61742 0.22481 0.01922 0.0187
4 0.651 0.20653 0.06548 0.06942
3 0.51278 0.19139 0.79102 0.05155
2 0.48405 0.22674 0.74469 0.03193
0 0.5 0.5 1.0 1.0
2 0.4864 0.28864 0.71415 0.03018
4 0.67499 0.28881 0.0361 0.0199
3 0.50896 0.25945 0.78238 0.05804
0 0.5 0.5 1.0 1.0
1 0.46437 0.34827 0.0337 0.02138
4 0.49635 0.33957 0.03807 0.03439
4 0.68614 0.34905 0.03273 0.02263
1 0.71945 0.33385 0.0325 0.02039
4 0.76652 0.33865 0.06744 0.06278
2 0.50008 0.33579 0.68197 0.0539
3 0.51238 0.32221 0.79546 0.05679
0 0.5 0.5 1.0 1.0
2 0.46078 0.41367 0.66647 0.02613
3 0.5069 0.38209 0.77457 0.05865
0 0.5 0.5 1.0 1.0
4 0.42934 0.47266 0.03289 0.02146
2 0.48719 0.47472 0.72354 0.02453
3 0.48583 0.44407 0.73399 0.05385
0 0.5 0.5 1.0 1.0
4 0.1495 0.51231 0.04159 0.06131
2 0.48363 0.51599 0.71387 0.06798
3 0.5046 0.50752 0.77116 0.05038
0 0.5 0.5 1.0 1.0
4 0.17255 0.59413 0.02717 0.02591
1 0.21247 0.57686 0.02253 0.01568
4 0.2436 0.58708 0.06326 0.05515
2 0.4802 0.59321 0.70961 0.04719
3 0.50916 0.56895 0.78999 0.04877
0 0.5 0.5 1.0 1.0
2 0.4772 0.665 0.7037 0.02672
4 0.41413 0.66098 0.02752 0.02325
3 0.50557 0.63084 0.7732 0.05684
0 0.5 0.5 1.0 1.0
1 0.43295 0.71895 0.02816 0.02382
4 0.46059 0.70042 0.04185 0.05672
2 0.47617 0.7019 0.6971 0.0534
3 0.48492 0.69163 0.72654 0.04364
0 0.5 0.5 1.0 1.0
2 0.49278 0.76058 0.74134 0.06799
4 0.39342 0.78177 0.0325 0.0208
4 0.52343 0.76378 0.06268 0.05838
3 0.29127 0.75146 0.33894 0.05582
3 0.70335 0.74802 0.35752 0.0579
1 0.4857 0.76162 0.06616 0.07358