0 0.5 0.5 1.0 1.0
2 0.47531 0.13831 0.71232 0.06832
1 0.62003 0.15331 0.02625 0.02076
4 0.64861 0.13891 0.04103 0.07234
3 0.4943 0.12218 0.756 0.06158
0 0.5 0.5 1.0 1.0
2 0.47336 0.20165 0.70821 0.0634
3 0.49443 0.18785 0.76717 0.05111
1 0.53524 0.21374 0.02645 0.02478
4 0.56269 0.19834 0.04595 0.05425
0 0.5 0.5 1.0 1.0
1 0.59795 0.24249 0.04564 0.03148
4 0.6447 0.27364 0.07117 0.06564
2 0.47929 0.26561 0.72432 0.07904
3 0.49749 0.25198 0.77542 0.05672
0 0.5 0.5 1.0 1.0
2 0.5055 0.34807 0.68745 0.03347
3 0.503 0.31356 0.77994 0.05861
0 0.5 0.5 1.0 1.0
1 0.45198 0.38683 0.0389 0.06162
4 0.49865 0.39085 0.09138 0.07234
2 0.47697 0.39051 0.71413 0.07301
3 0.49974 0.37731 0.77724 0.05773
0 0.5 0.5 1.0 1.0
2 0.4827 0.45599 0.72578 0.06899
1 0.68215 0.47047 0.02722 0.02009
4 0.7106 0.4554 0.04526 0.05828
3 0.50242 0.43967 0.78331 0.05894
0 0.5 0.5 1.0 1.0
2 0.47824 0.53179 0.71775 0.02879
3 0.47573 0.50227 0.73249 0.06136
0 0.5 0.5 1.0 1.0
1 0.13376 0.59093 0.0282 0.022
4 0.1396 0.57372 0.04958 0.06714
3 0.49657 0.56216 0.77246 0.0608
2 0.47731 0.57581 0.71938 0.071
0 0.5 0.5 1.0 1.0
2 0.48506 0.6381 0.73087 0.06698
1 0.25552 0.65412 0.02337 0.02155
4 0.27839 0.63546 0.0418 0.06289
3 0.50295 0.62498 0.7748 0.06107
0 0.5 0.5 1.0 1.0
2 0.46692 0.69814 0.69335 0.06497
1 0.33239 0.71589 0.02528 0.02277
4 0.35222 0.6979 0.03771 0.06142
3 0.49705 0.68534 0.76313 0.05975
0 0.5 0.5 1.0 1.0
3 0.49018 0.7449 0.76325 0.06002
2 0.46983 0.75913 0.70675 0.06489
1 0.3567 0.7595 0.02891 0.0576
4 0.39983 0.76285 0.06318 0.05894