0 0.5 0.5 1.0 1.0
3 0.53741 0.12796 0.74954 0.06309
2 0.51548 0.14906 0.69514 0.04823
1 0.5825 0.15227 0.03613 0.0209
4 0.62551 0.14751 0.06183 0.05293
0 0.5 0.5 1.0 1.0
2 0.53563 0.22185 0.65118 0.02464
3 0.54265 0.18891 0.76156 0.05435
0 0.5 0.5 1.0 1.0
4 0.42916 0.28307 0.02419 0.02009
2 0.51305 0.2846 0.69051 0.02239
3 0.53847 0.2515 0.7602 0.06061
0 0.5 0.5 1.0 1.0
1 0.2196 0.34463 0.02916 0.02304
4 0.24634 0.33573 0.03014 0.03416
4 0.40371 0.3429 0.02453 0.01847
1 0.46021 0.34741 0.03208 0.02285
4 0.49666 0.33472 0.07194 0.04956
4 0.51799 0.33242 0.70589 0.05016
3 0.53853 0.31491 0.76592 0.05066
0 0.5 0.5 1.0 1.0
4 0.17893 0.40628 0.02172 0.01767
1 0.70405 0.40842 0.02916 0.02143
4 0.72933 0.39295 0.03694 0.04969
3 0.52576 0.37962 0.73549 0.06028
0 0.5 0.5 1.0 1.0
4 0.17461 0.46669 0.0243 0.02009
1 0.24642 0.42718 0.0304 0.01474
4 0.27513 0.46033 0.06592 0.06229
2 0.50373 0.45363 0.68428 0.06899
3 0.53835 0.43819 0.76841 0.05567
0 0.5 0.5 1.0 1.0
4 0.22241 0.52947 0.02763 0.01913
2 0.51024 0.53068 0.6963 0.02206
3 0.53584 0.49967 0.75983 0.05327
0 0.5 0.5 1.0 1.0
1 0.30945 0.59399 0.02867 0.02478
4 0.33545 0.58131 0.03305 0.04078
4 0.43077 0.58972 0.02542 0.02009
1 0.49236 0.59374 0.02473 0.02009
4 0.52394 0.58403 0.07046 0.05827
2 0.50008 0.57871 0.67619 0.05418
3 0.53603 0.56001 0.7676 0.05154
0 0.5 0.5 1.0 1.0
2 0.51929 0.65573 0.71835 0.02344
3 0.53813 0.62529 0.77982 0.04817
0 0.5 0.5 1.0 1.0
4 0.22592 0.71535 0.03352 0.02478
2 0.50351 0.71576 0.68574 0.02277
3 0.53515 0.68521 0.76829 0.04636
0 0.5 0.5 1.0 1.0
1 0.29469 0.7814 0.03402 0.03349
4 0.32531 0.76733 0.03889 0.04421
4 0.52121 0.77671 0.02817 0.02813
1 0.56535 0.76131 0.03905 0.02009
4 0.62339 0.76298 0.06513 0.05693
2 0.54096 0.76633 0.69857 0.05961
3 0.53928 0.74624 0.77387 0.05023