0 0.5 0.5 1.0 1.0
2 0.47732 0.15798 0.71959 0.02344
4 0.57206 0.15439 0.02632 0.02124
3 0.49229 0.12104 0.76525 0.05895
0 0.5 0.5 1.0 1.0
2 0.47172 0.20061 0.71194 0.06162
1 0.5764 0.22045 0.0282 0.02746
4 0.60964 0.20036 0.04608 0.06229
3 0.49251 0.18849 0.76927 0.05836
0 0.5 0.5 1.0 1.0
2 0.47326 0.2874 0.71932 0.02585
3 0.47334 0.25292 0.73278 0.05863
0 0.5 0.5 1.0 1.0
4 0.1291 0.34578 0.02526 0.0176
1 0.20491 0.35161 0.02916 0.022
4 0.23179 0.33088 0.05764 0.05827
2 0.47425 0.33121 0.72122 0.06028
3 0.49665 0.31656 0.78142 0.05342
0 0.5 0.5 1.0 1.0
2 0.47651 0.3937 0.71841 0.06095
1 0.54699 0.41178 0.03305 0.02612
4 0.57615 0.39283 0.04666 0.06284
4 0.24076 0.40684 0.02138 0.02143
3 0.49276 0.37929 0.76369 0.05778
0 0.5 0.5 1.0 1.0
4 0.61381 0.4728 0.02516 0.02263
1 0.68004 0.47068 0.0191 0.01764
4 0.71534 0.45949 0.06708 0.05744
2 0.47362 0.46092 0.7175 0.05626
3 0.49174 0.44699 0.77021 0.05212
0 0.5 0.5 1.0 1.0
2 0.46537 0.5336 0.70189 0.02545
4 0.61394 0.53125 0.0295 0.0221
3 0.49707 0.50747 0.77869 0.05092
0 0.5 0.5 1.0 1.0
2 0.472 0.57777 0.70731 0.06028
1 0.49563 0.59489 0.03399 0.0247
4 0.53061 0.57752 0.05152 0.06363
3 0.48972 0.56873 0.76691 0.05291
0 0.5 0.5 1.0 1.0
2 0.48967 0.65778 0.74369 0.02485
4 0.77554 0.65645 0.02614 0.02097
1 0.84207 0.66111 0.02916 0.01969
3 0.47678 0.62688 0.73813 0.05868
0 0.5 0.5 1.0 1.0
4 0.13181 0.71642 0.07485 0.07368
2 0.4531 0.71534 0.71744 0.07182
3 0.48558 0.68757 0.7497 0.05652
0 0.5 0.5 1.0 1.0
2 0.47857 0.78423 0.72848 0.02813
3 0.4962 0.74987 0.7671 0.05667