0 0.5 0.5 1.0 1.0
3 0.54525 0.09378 0.68805 0.06763
2 0.54106 0.12698 0.68142 0.02755
0 0.5 0.5 1.0 1.0
3 0.54921 0.15922 0.69376 0.04954
2 0.56261 0.19021 0.72488 0.02662
1 0.72102 0.19056 0.05418 0.02878
4 0.76473 0.1715 0.06112 0.06547
0 0.5 0.5 1.0 1.0
3 0.55046 0.22533 0.70205 0.05291
2 0.55318 0.25978 0.688 0.02609
0 0.5 0.5 1.0 1.0
3 0.54566 0.29063 0.69917 0.04964
2 0.55594 0.32264 0.72578 0.03165
0 0.5 0.5 1.0 1.0
3 0.55388 0.3551 0.70341 0.04964
2 0.55668 0.38589 0.69782 0.03065
1 0.2881 0.38933 0.05976 0.02891
4 0.33139 0.36977 0.07184 0.07066
0 0.5 0.5 1.0 1.0
3 0.55518 0.42189 0.69106 0.05252
2 0.55348 0.44992 0.67517 0.03232
0 0.5 0.5 1.0 1.0
3 0.55438 0.48334 0.70167 0.05036
2 0.56072 0.51429 0.69757 0.03169
0 0.5 0.5 1.0 1.0
3 0.5575 0.55126 0.70025 0.04957
2 0.57048 0.58171 0.71818 0.02633
0 0.5 0.5 1.0 1.0
3 0.55459 0.616 0.68593 0.05252
2 0.563 0.64658 0.68411 0.03165
1 0.35437 0.6455 0.04625 0.03094
4 0.40162 0.63267 0.07399 0.05564
0 0.5 0.5 1.0 1.0
3 0.55068 0.67741 0.6841 0.04748
2 0.52067 0.71122 0.60476 0.03165
1 0.85959 0.69899 0.09238 0.0518
0 0.5 0.5 1.0 1.0
3 0.60659 0.7501 0.61024 0.05252
2 0.55704 0.78247 0.71464 0.0295
4 0.24905 0.78002 0.18014 0.12793