0 0.5 0.5 1.0 1.0
1 0.26217 0.08633 0.03683 0.02971
4 0.2977 0.0664 0.08889 0.07396
2 0.52625 0.06663 0.78484 0.07411
4 0.8171 0.07673 0.02141 0.02455
3 0.52183 0.04987 0.79029 0.06095
0 0.5 0.5 1.0 1.0
3 0.41062 0.12485 0.42238 0.05769
4 0.15938 0.13949 0.10407 0.07099
2 0.51385 0.13128 0.82058 0.08772
1 0.7664 0.12664 0.2936 0.07913
4 0.80855 0.1453 0.03061 0.0294
4 0.66957 0.14837 0.02607 0.02979
4 0.81043 0.1073 0.02222 0.03368
0 0.5 0.5 1.0 1.0
3 0.47675 0.19022 0.54755 0.05108
4 0.18024 0.20737 0.11234 0.07915
1 0.809 0.21465 0.18227 0.03293
2 0.51466 0.20695 0.77618 0.07953
4 0.57261 0.21906 0.02397 0.02298
0 0.5 0.5 1.0 1.0
4 0.18304 0.27641 0.10343 0.07656
3 0.57899 0.25682 0.73302 0.05453
1 0.51381 0.29442 0.04636 0.02883
1 0.6524 0.28643 0.03471 0.01975
4 0.70066 0.26609 0.09503 0.07872
2 0.53413 0.26909 0.81282 0.08492
4 0.53393 0.28973 0.02675 0.02391
0 0.5 0.5 1.0 1.0
3 0.52893 0.32448 0.79921 0.05531
1 0.29478 0.36341 0.04037 0.02759
1 0.43206 0.35699 0.03283 0.0232
4 0.50135 0.34086 0.14612 0.07489
1 0.79242 0.35661 0.04581 0.02648
1 0.91182 0.35666 0.03622 0.02105
2 0.53947 0.34104 0.78755 0.07614
4 0.31531 0.36255 0.01997 0.03165
4 0.82476 0.35589 0.03795 0.02621
0 0.5 0.5 1.0 1.0
4 0.58244 0.4244 0.02691 0.02718
3 0.57904 0.39507 0.7348 0.05669
4 0.15519 0.41535 0.12384 0.09448
1 0.55939 0.43078 0.04205 0.03196
1 0.67922 0.4264 0.03532 0.02852
4 0.71182 0.39945 0.10555 0.07239
2 0.49723 0.41259 0.80776 0.09982
0 0.5 0.5 1.0 1.0
3 0.44229 0.46585 0.62842 0.0514
2 0.52521 0.49624 0.7667 0.034
1 0.88194 0.49366 0.04161 0.02726
0 0.5 0.5 1.0 1.0
4 0.18073 0.54566 0.10199 0.0763
2 0.53151 0.54387 0.80145 0.08117
1 0.88972 0.56154 0.04562 0.02288
4 0.7122 0.54026 0.02007 0.02428
4 0.55031 0.56421 0.03516 0.02356
0 0.5 0.5 1.0 1.0
4 0.64675 0.61474 0.09645 0.089
2 0.50896 0.61424 0.76977 0.08947
1 0.59832 0.63244 0.02736 0.02695
4 0.17278 0.6136 0.09593 0.07635
3 0.5685 0.60006 0.7152 0.06017
4 0.39292 0.63561 0.02335 0.03015
0 0.5 0.5 1.0 1.0
1 0.75874 0.69899 0.04582 0.02883
1 0.90455 0.69539 0.03388 0.02852
1 0.3209 0.69897 0.09398 0.0345
4 0.38914 0.67982 0.1039 0.06873
3 0.52262 0.66808 0.79745 0.06339
2 0.53302 0.68113 0.77706 0.07239
4 0.2171 0.70282 0.02289 0.03085
4 0.78628 0.69667 0.0264 0.02778
0 0.5 0.5 1.0 1.0
3 0.57258 0.73436 0.74778 0.05698
4 0.17522 0.75025 0.09133 0.08273
1 0.66506 0.76586 0.08655 0.03798
4 0.7328 0.74621 0.09891 0.06712
2 0.52774 0.75087 0.79571 0.08415
4 0.56273 0.7681 0.02203 0.0231
0 0.5 0.5 1.0 1.0
4 0.80042 0.83368 0.03238 0.02755
1 0.7657 0.83526 0.04077 0.0293
1 0.22853 0.84327 0.03869 0.03118
1 0.3443 0.83936 0.04569 0.02366
4 0.37802 0.81622 0.09011 0.06738
3 0.53893 0.80244 0.81096 0.05329
2 0.53092 0.81944 0.78862 0.07348
4 0.55463 0.8373 0.02947 0.01851
0 0.5 0.5 1.0 1.0
1 0.48613 0.90282 0.03479 0.02194
4 0.50411 0.88245 0.0783 0.07521
1 0.8623 0.90329 0.12383 0.02444
3 0.51837 0.87162 0.76444 0.04924
2 0.53319 0.8817 0.78652 0.07693
4 0.39878 0.90499 0.02712 0.01782