0 0.5 0.5 1.0 1.0
2 0.35035 0.17396 0.56943 0.21135
3 0.4946 0.09386 0.30205 0.05228
4 0.36183 0.12736 0.03649 0.02194
1 0.69266 0.1117 0.13825 0.05619
4 0.37818 0.2154 0.67605 0.3983
0 0.5 0.5 1.0 1.0
2 0.55266 0.1904 0.41753 0.03129
3 0.55659 0.16036 0.43534 0.04598
0 0.5 0.5 1.0 1.0
3 0.56229 0.22268 0.43764 0.04949
2 0.55897 0.25429 0.41513 0.03161
0 0.5 0.5 1.0 1.0
2 0.43495 0.32069 0.69566 0.03065
3 0.43306 0.28732 0.68794 0.05013
0 0.5 0.5 1.0 1.0
2 0.43412 0.38565 0.70324 0.03384
3 0.43592 0.35148 0.69772 0.04853
1 0.46616 0.38767 0.05341 0.03746
4 0.50721 0.38407 0.04236 0.04467
0 0.5 0.5 1.0 1.0
3 0.43074 0.42473 0.6981 0.06092
2 0.42498 0.44499 0.68849 0.03963
4 0.10906 0.44714 0.05281 0.04164
1 0.43507 0.45399 0.04993 0.02539
4 0.48116 0.4361 0.03457 0.06756
6 0.85373 0.42039 0.15748 0.03257
0 0.5 0.5 1.0 1.0
2 0.36839 0.51588 0.59539 0.02425
3 0.43389 0.48295 0.71982 0.04925
1 0.7164 0.5166 0.08834 0.02554
0 0.5 0.5 1.0 1.0
3 0.43977 0.54769 0.70482 0.04853
2 0.42539 0.58061 0.69336 0.03008
4 0.10992 0.5604 0.04897 0.0627
0 0.5 0.5 1.0 1.0
2 0.42515 0.64346 0.67889 0.03065
3 0.42763 0.61185 0.6989 0.05428
0 0.5 0.5 1.0 1.0
2 0.44246 0.71157 0.7221 0.03129
3 0.42909 0.67531 0.71043 0.05271
1 0.64596 0.71061 0.06351 0.02682
4 0.69392 0.70221 0.04417 0.04855
0 0.5 0.5 1.0 1.0
2 0.42394 0.77632 0.69926 0.03055
3 0.42833 0.74475 0.7116 0.04772