0 0.5 0.5 1.0 1.0
2 0.47225 0.16237 0.73959 0.02651
3 0.49286 0.1285 0.77534 0.06038
4 0.12633 0.15293 0.06733 0.06811
0 0.5 0.5 1.0 1.0
1 0.32451 0.2131 0.06594 0.04048
4 0.37344 0.20408 0.04166 0.06219
1 0.75792 0.22218 0.02297 0.02628
4 0.7937 0.21585 0.04112 0.04085
2 0.47283 0.22676 0.73519 0.02429
3 0.49472 0.19418 0.78113 0.04675
0 0.5 0.5 1.0 1.0
2 0.46665 0.29077 0.74352 0.02797
3 0.49165 0.25567 0.78326 0.04717
4 0.70665 0.26854 0.0988 0.07433
1 0.65907 0.27857 0.04209 0.03937
1 0.89845 0.24647 0.09129 0.02208
0 0.5 0.5 1.0 1.0
2 0.47447 0.35568 0.74066 0.02886
5 0.4968 0.32209 0.79406 0.056
0 0.5 0.5 1.0 1.0
2 0.47646 0.41562 0.74283 0.02798
3 0.4778 0.38111 0.75059 0.0543
1 0.76246 0.41827 0.02998 0.02172
4 0.77878 0.41272 0.02351 0.02278
1 0.28381 0.39778 0.0496 0.05694
4 0.33379 0.40098 0.08003 0.06076
4 0.60391 0.41361 0.02266 0.01921
0 0.5 0.5 1.0 1.0
2 0.49422 0.48064 0.70488 0.02926
3 0.4737 0.44655 0.74696 0.04707
1 0.12887 0.46653 0.03161 0.0378
4 0.17333 0.46255 0.08342 0.0593
0 0.5 0.5 1.0 1.0
2 0.4959 0.54175 0.77773 0.02439
3 0.48293 0.51189 0.75471 0.05114
1 0.19041 0.52643 0.04779 0.03903
4 0.25701 0.53131 0.15177 0.07561
0 0.5 0.5 1.0 1.0
2 0.47775 0.60475 0.73635 0.02391
3 0.47323 0.57141 0.74163 0.0529
1 0.42691 0.60199 0.06696 0.02242
4 0.47628 0.58859 0.04517 0.06255
0 0.5 0.5 1.0 1.0
2 0.15054 0.633 0.07054 0.03962
2 0.50805 0.6687 0.63594 0.02283
3 0.50205 0.63735 0.6573 0.05891
1 0.15572 0.6641 0.07375 0.01823
1 0.14343 0.61854 0.02244 0.01694
4 0.20462 0.6493 0.04222 0.06145
0 0.5 0.5 1.0 1.0
2 0.41946 0.73037 0.63141 0.02218
3 0.15914 0.69568 0.09708 0.05102
3 0.51813 0.70523 0.45553 0.03993
1 0.24962 0.73011 0.09325 0.02647
2 0.24788 0.70244 0.07642 0.03475
1 0.20463 0.69416 0.01755 0.02113
1 0.77255 0.72368 0.09352 0.026
1 0.7342 0.6914 0.02102 0.02157
2 0.77998 0.69382 0.08123 0.03661
0 0.5 0.5 1.0 1.0
2 0.36055 0.7959 0.53365 0.02438
2 0.7428 0.79523 0.171 0.02436
3 0.49106 0.76242 0.76854 0.05747
4 0.09801 0.81332 0.07162 0.16203
4 0.67838 0.79395 0.07861 0.10641
1 0.64193 0.76993 0.03954 0.05997