0 0.5 0.5 1.0 1.0
3 0.50374 0.14624 0.72491 0.05615
2 0.50807 0.17589 0.73666 0.03017
1 0.85125 0.17846 0.0299 0.02322
0 0.5 0.5 1.0 1.0
4 0.17055 0.21598 0.07297 0.06413
2 0.51821 0.23685 0.76533 0.03322
3 0.53182 0.20936 0.68349 0.04351
0 0.5 0.5 1.0 1.0
3 0.51851 0.27057 0.74644 0.058
4 0.135 0.32337 0.05141 0.13173
2 0.51458 0.29767 0.72175 0.03361
0 0.5 0.5 1.0 1.0
1 0.51693 0.36303 0.03149 0.02502
3 0.51467 0.33346 0.77003 0.05701
2 0.50358 0.36053 0.73413 0.02389
0 0.5 0.5 1.0 1.0
2 0.50409 0.42361 0.72467 0.02806
3 0.52187 0.38897 0.76015 0.05166
4 0.69183 0.41427 0.06446 0.04764
1 0.64724 0.42507 0.02269 0.0213
4 0.60338 0.41975 0.01637 0.0247
0 0.5 0.5 1.0 1.0
2 0.50182 0.48795 0.71166 0.02972
3 0.52874 0.45757 0.77196 0.05425
4 0.56112 0.48258 0.02661 0.02185
0 0.5 0.5 1.0 1.0
2 0.50808 0.54979 0.72759 0.02537
3 0.52733 0.52065 0.77558 0.0588
1 0.47847 0.54936 0.02371 0.022
4 0.50465 0.53116 0.03444 0.05431
0 0.5 0.5 1.0 1.0
1 0.46859 0.61244 0.0201 0.02171
3 0.52092 0.57669 0.7745 0.04736
2 0.50276 0.61064 0.74746 0.02427
4 0.50073 0.59467 0.06179 0.06301
0 0.5 0.5 1.0 1.0
2 0.48906 0.67289 0.6831 0.02606
3 0.51918 0.63764 0.76824 0.05661
0 0.5 0.5 1.0 1.0
3 0.50521 0.70467 0.7334 0.06085
1 0.55865 0.73545 0.03585 0.0248
4 0.59019 0.72204 0.036 0.04632
2 0.50423 0.73873 0.75072 0.02341
1 0.85694 0.74154 0.02716 0.01949
0 0.5 0.5 1.0 1.0
2 0.50009 0.78581 0.73316 0.06224
4 0.17506 0.7905 0.07538 0.07065
3 0.52453 0.76967 0.77192 0.04348