0 0.5 0.5 1.0 1.0
2 0.55006 0.79456 0.57273 0.02543
3 0.57582 0.76166 0.63976 0.05168
0 0.5 0.5 1.0 1.0
4 0.14901 0.15298 0.04771 0.06361
2 0.47942 0.15175 0.71028 0.06525
3 0.48348 0.13021 0.72813 0.05136
0 0.5 0.5 1.0 1.0
2 0.49784 0.20698 0.70134 0.06167
3 0.51553 0.19769 0.76856 0.04581
1 0.14115 0.22417 0.02131 0.02287
4 0.16712 0.20668 0.04188 0.06163
0 0.5 0.5 1.0 1.0
1 0.49683 0.28506 0.02416 0.01824
4 0.52898 0.27408 0.06245 0.06102
2 0.48477 0.27875 0.70962 0.05223
3 0.51027 0.25873 0.78147 0.0562
0 0.5 0.5 1.0 1.0
3 0.51678 0.32279 0.79011 0.05407
2 0.4911 0.33879 0.72633 0.06677
1 0.71333 0.35319 0.04731 0.0179
4 0.74953 0.33973 0.0595 0.06597
0 0.5 0.5 1.0 1.0
2 0.48333 0.4199 0.70623 0.02643
3 0.5137 0.38596 0.78424 0.05486
0 0.5 0.5 1.0 1.0
1 0.73629 0.46294 0.20084 0.06021
2 0.48525 0.4631 0.71077 0.06674
3 0.38441 0.45012 0.52165 0.05566
0 0.5 0.5 1.0 1.0
4 0.14576 0.5239 0.0548 0.07154
4 0.75008 0.5394 0.02605 0.02369
1 0.72943 0.54375 0.02792 0.02295
2 0.47521 0.52453 0.70979 0.06951
3 0.49742 0.51407 0.66658 0.05647
0 0.5 0.5 1.0 1.0
1 0.1538 0.58383 0.05379 0.06084
4 0.20338 0.59117 0.06462 0.08176
2 0.48287 0.58829 0.70532 0.0788
3 0.55502 0.57467 0.66453 0.05292
0 0.5 0.5 1.0 1.0
2 0.48314 0.67013 0.70633 0.02631
3 0.51613 0.63748 0.77118 0.05814
0 0.5 0.5 1.0 1.0
4 0.17913 0.75356 0.17852 0.15579
1 0.57504 0.71439 0.04362 0.0588
2 0.46197 0.74989 0.75717 0.15398
3 0.54535 0.70164 0.58036 0.05249