0 0.5 0.5 1.0 1.0
3 0.51439 0.05629 0.81165 0.05848
1 0.49413 0.08421 0.03717 0.02199
4 0.53135 0.06417 0.10385 0.07423
2 0.48192 0.06433 0.73549 0.07394
4 0.40018 0.08417 0.02154 0.02423
0 0.5 0.5 1.0 1.0
3 0.5048 0.12291 0.80495 0.05619
2 0.49656 0.1547 0.7552 0.02987
0 0.5 0.5 1.0 1.0
3 0.50014 0.18559 0.80074 0.06954
2 0.49508 0.22471 0.81204 0.02875
4 0.11695 0.22466 0.04734 0.02734
0 0.5 0.5 1.0 1.0
3 0.5052 0.26105 0.82336 0.05239
1 0.46371 0.28965 0.02826 0.02906
4 0.511 0.27107 0.09072 0.08242
2 0.50036 0.27105 0.78141 0.08268
0 0.5 0.5 1.0 1.0
3 0.50384 0.33416 0.81139 0.0584
2 0.47234 0.36393 0.72731 0.02631
0 0.5 0.5 1.0 1.0
3 0.50957 0.40028 0.82246 0.06223
1 0.36332 0.43362 0.04115 0.02564
4 0.40818 0.40845 0.09667 0.08117
2 0.49774 0.40762 0.77744 0.08099
4 0.31026 0.42712 0.04081 0.03043
0 0.5 0.5 1.0 1.0
3 0.51135 0.46763 0.82852 0.06821
2 0.49384 0.5012 0.77493 0.03317
0 0.5 0.5 1.0 1.0
3 0.52507 0.53908 0.86237 0.06719
2 0.50772 0.57457 0.82088 0.03703
4 0.5255 0.56979 0.02237 0.0249
0 0.5 0.5 1.0 1.0
3 0.50193 0.60135 0.82647 0.06188
1 0.29412 0.63627 0.03491 0.02647
4 0.34369 0.61894 0.11507 0.08069
2 0.50769 0.61894 0.80825 0.08003
0 0.5 0.5 1.0 1.0
3 0.49817 0.67205 0.82805 0.0641
1 0.49591 0.70332 0.09729 0.02556
4 0.55964 0.68474 0.10494 0.08252
2 0.49437 0.68448 0.78353 0.08219
4 0.40205 0.7054 0.0278 0.02291
0 0.5 0.5 1.0 1.0
1 0.22975 0.77276 0.03618 0.02399
1 0.38967 0.77725 0.03593 0.02678
4 0.4333 0.75357 0.088 0.076
1 0.85483 0.77875 0.05233 0.02687
3 0.48682 0.74038 0.77995 0.05588
2 0.49831 0.75352 0.77193 0.07697
4 0.69059 0.77842 0.01942 0.02498
4 0.25294 0.77485 0.02802 0.02594
0 0.5 0.5 1.0 1.0
4 0.10788 0.83911 0.13535 0.12213
2 0.44684 0.8384 0.81759 0.1248
3 0.55408 0.81014 0.76842 0.05727
0 0.5 0.5 1.0 1.0
2 0.47827 0.91061 0.75503 0.03483
3 0.49839 0.87702 0.79362 0.05743