10 0.500034 0.49549 0.999932 0.988789
12 0.528964 0.199762 0.728218 0.0601097
12 0.524354 0.386414 0.730512 0.0545878
12 0.523183 0.508942 0.740535 0.0515611
12 0.523932 0.451875 0.736806 0.0549942
12 0.52548 0.643911 0.746749 0.0626597
12 0.556542 0.577381 0.67418 0.0537624
12 0.52367 0.701843 0.745096 0.0567082
12 0.52705 0.259978 0.732716 0.0543504
12 0.530555 0.130912 0.732518 0.0644284
12 0.46536 0.763478 0.63076 0.0580463
12 0.443553 0.324909 0.565835 0.0479565
12 0.827842 0.327995 0.135365 0.0466198
